NGÀY,GIÁ,GIÁ THÔ,THAY ĐỔI,%THAY ĐỔI,MỞ,CAO,THẤP,KL KHỚP,GT KHỚP,KL THỎA THUẬN,GT THỎA THUẬN,TỔNG KHỐI LƯỢNG,TỔNG GIÁ TRỊ,KL Cá Nhân Khớp Ròng,KL Tổ chức Khớp Ròng,KL Tự doanh Khớp Ròng,KL Nước Ngoài Khớp Ròng,GT Cá Nhân Khớp Ròng,GT Tổ chức Khớp Ròng,GT Tự doanh Khớp Ròng,GT Nước Ngoài Khớp Ròng
03/09/2026,2320.0,2330.0,-10.0,-0.00429185,2330.0,2340.0,2320.0,23100.0,53817000.0,0.0,0.0,23100.0,53817000.0,0.0,0.0,0.0,0.0,0.0,0.0,0.0,0.0
28/08/2026,2330.0,2320.0,10.0,0.00431034,2320.0,2350.0,2300.0,23400.0,54146000.0,0.0,0.0,23400.0,54146000.0,17200.0,-17200.0,0.0,0.0,39759000.0,-39759000.0,0.0,0.0
27/08/2026,2320.0,2340.0,-20.0,-0.00854701,2350.0,2350.0,2320.0,16409.0,38237060.0,0.0,0.0,16409.0,38237060.0,11400.0,-11400.0,0.0,0.0,26516001.0,-26516000.0,0.0,0.0
26/08/2026,2340.0,2320.0,20.0,0.00862069,2360.0,2360.0,2310.0,28800.0,67220000.0,0.0,0.0,28800.0,67220000.0,2100.0,-2100.0,0.0,0.0,4914000.0,-4914000.0,0.0,0.0
25/08/2026,2320.0,2270.0,50.0,0.02202643,2350.0,2360.0,2290.0,19909.0,46588700.0,0.0,0.0,19909.0,46588700.0,11009.0,-11009.0,0.0,0.0,25854701.0,-25854700.0,0.0,0.0
24/08/2026,2270.0,2360.0,-90.0,-0.03813559,2280.0,2360.0,2230.0,2002.0,4608720.0,0.0,0.0,2002.0,4608720.0,-500.0,500.0,0.0,0.0,-1140000.0,1140000.0,0.0,0.0
21/08/2026,2360.0,2350.0,10.0,0.00425532,2350.0,2360.0,2270.0,20611.0,47414480.0,0.0,0.0,20611.0,47414480.0,18299.0,-18299.0,0.0,0.0,42013120.0,-42013120.0,0.0,0.0
20/08/2026,2350.0,2340.0,10.0,0.0042735,2350.0,2350.0,2310.0,1200.0,2789000.0,0.0,0.0,1200.0,2789000.0,100.0,-100.0,0.0,0.0,232000.0,-232000.0,0.0,0.0
19/08/2026,2340.0,2310.0,30.0,0.01298701,2310.0,2340.0,2290.0,6200.0,14372000.0,0.0,0.0,6200.0,14372000.0,1600.0,-1600.0,0.0,0.0,3703000.0,-3703000.0,0.0,0.0
18/08/2026,2310.0,2280.0,30.0,0.01315789,2300.0,2350.0,2130.0,16800.0,37617000.0,0.0,0.0,16800.0,37617000.0,-6700.0,6400.0,0.0,300.0,-14885000.0,14204000.0,0.0,681000.0
17/08/2026,2280.0,2350.0,-70.0,-0.02978723,2350.0,2360.0,2210.0,10147.0,23054450.0,0.0,0.0,10147.0,23054450.0,4000.0,-4000.0,0.0,0.0,8984000.0,-8984000.0,0.0,0.0
14/08/2026,2350.0,2340.0,10.0,0.0042735,2360.0,2360.0,2320.0,2001.0,4658360.0,0.0,0.0,2001.0,4658360.0,1500.0,-1500.0,0.0,0.0,3482000.0,-3482000.0,0.0,0.0
13/08/2026,2340.0,2330.0,10.0,0.00429185,2350.0,2370.0,2340.0,40769.0,96255790.0,0.0,0.0,40769.0,96255790.0,28900.0,-28900.0,0.0,0.0,68187001.0,-68187000.0,0.0,0.0
12/08/2026,2330.0,2360.0,-30.0,-0.01271186,2350.0,2350.0,2330.0,4000.0,9358000.0,0.0,0.0,4000.0,9358000.0,2100.0,-2100.0,0.0,0.0,4893000.0,-4893000.0,0.0,0.0
11/08/2026,2360.0,2370.0,-10.0,-0.00421941,2370.0,2370.0,2340.0,2082.0,4905680.0,0.0,0.0,2082.0,4905680.0,-500.0,500.0,0.0,0.0,-1176000.0,1176000.0,0.0,0.0
10/08/2026,2370.0,2350.0,20.0,0.00851064,2350.0,2370.0,2350.0,3502.0,8243740.0,0.0,0.0,3502.0,8243740.0,-1102.0,1102.0,0.0,0.0,-2597740.0,2597740.0,0.0,0.0
07/08/2026,2350.0,2340.0,10.0,0.0042735,2310.0,2370.0,2300.0,5806.0,13478090.0,0.0,0.0,5806.0,13478090.0,4095.0,-4095.0,0.0,0.0,9459250.0,-9459250.0,0.0,0.0
06/08/2026,2340.0,2340.0,0.0,0.0,2360.0,2360.0,2310.0,10700.0,24747000.0,0.0,0.0,10700.0,24747000.0,10200.0,-10200.0,0.0,0.0,23575000.0,-23575000.0,0.0,0.0
05/08/2026,2340.0,2340.0,0.0,0.0,2350.0,2360.0,2190.0,6712.0,15681300.0,0.0,0.0,6712.0,15681300.0,1690.0,-1690.0,0.0,0.0,3950399.0,-3950400.0,0.0,0.0
04/08/2026,2340.0,2340.0,0.0,0.0,2350.0,2400.0,2340.0,10200.0,23901000.0,0.0,0.0,10200.0,23901000.0,-5700.0,5700.0,0.0,0.0,-13337000.0,13337000.0,0.0,0.0
03/08/2026,2340.0,2280.0,60.0,0.02631579,2300.0,2340.0,2290.0,17606.0,40767680.0,0.0,0.0,17606.0,40767680.0,-11700.0,11700.0,0.0,0.0,-27171000.0,27171000.0,0.0,0.0
31/07/2026,2280.0,2300.0,-20.0,-0.00869565,2300.0,2300.0,2220.0,7304.0,16550490.0,0.0,0.0,7304.0,16550490.0,2700.0,-2700.0,0.0,0.0,6138000.0,-6138000.0,0.0,0.0
30/07/2026,2300.0,2310.0,-10.0,-0.004329,2340.0,2340.0,2270.0,3701.0,8476320.0,0.0,0.0,3701.0,8476320.0,201.0,-201.0,0.0,0.0,457320.0,-457320.0,0.0,0.0
29/07/2026,2310.0,2310.0,0.0,0.0,2310.0,2360.0,2260.0,8700.0,19796000.0,0.0,0.0,8700.0,19796000.0,-4900.0,4900.0,0.0,0.0,-11096000.0,11096000.0,0.0,0.0
28/07/2026,2310.0,2330.0,-20.0,-0.00858369,2340.0,2340.0,2220.0,7802.0,17913560.0,0.0,0.0,7802.0,17913560.0,-4901.0,4901.0,0.0,0.0,-11216280.0,11216279.0,0.0,0.0
27/07/2026,2330.0,2310.0,20.0,0.00865801,2310.0,2360.0,2230.0,8014.0,18502500.0,0.0,0.0,8014.0,18502500.0,2896.0,-2896.0,0.0,0.0,6892600.0,-6892600.0,0.0,0.0
24/07/2026,2310.0,2350.0,-40.0,-0.01702128,2360.0,2440.0,2260.0,10040.0,23088400.0,0.0,0.0,10040.0,23088400.0,1500.0,-1500.0,0.0,0.0,3475000.0,-3475000.0,0.0,0.0
23/07/2026,2350.0,2370.0,-20.0,-0.00843882,2360.0,2360.0,2210.0,10500.0,24084000.0,0.0,0.0,10500.0,24084000.0,-2300.0,2300.0,0.0,0.0,-4986000.0,4986000.0,0.0,0.0
22/07/2026,2370.0,2380.0,-10.0,-0.00420168,2380.0,2380.0,2300.0,5100.0,11876000.0,0.0,0.0,5100.0,11876000.0,-1400.0,1400.0,0.0,0.0,-3317000.0,3317000.0,0.0,0.0
21/07/2026,2380.0,2390.0,-10.0,-0.0041841,2390.0,2450.0,2360.0,5600.0,13401000.0,0.0,0.0,5600.0,13401000.0,-2700.0,2700.0,0.0,0.0,-6466000.0,6466000.0,0.0,0.0
20/07/2026,2390.0,2390.0,0.0,0.0,2400.0,2420.0,2360.0,2632.0,6248270.0,0.0,0.0,2632.0,6248270.0,82.0,-82.0,0.0,0.0,186190.0,-186190.0,0.0,0.0
17/07/2026,2390.0,2450.0,-60.0,-0.0244898,2410.0,2480.0,2300.0,14529.0,34205180.0,0.0,0.0,14529.0,34205180.0,2527.0,-2500.0,0.0,-27.0,6015220.0,-5953000.0,0.0,-62220.0
16/07/2026,2450.0,2460.0,-10.0,-0.00406504,2450.0,2530.0,2350.0,6512.0,15848000.0,0.0,0.0,6512.0,15848000.0,-200.0,200.0,0.0,0.0,-514000.0,514000.0,0.0,0.0
15/07/2026,2460.0,2470.0,-10.0,-0.00404858,2450.0,2470.0,2450.0,1110.0,2727500.0,0.0,0.0,1110.0,2727500.0,-410.0,410.0,0.0,0.0,-1006500.0,1006500.0,0.0,0.0
14/07/2026,2470.0,2470.0,0.0,0.0,2460.0,2480.0,2450.0,6710.0,16562960.0,0.0,0.0,6710.0,16562960.0,-2100.0,2100.0,0.0,0.0,-5181000.0,5181000.0,0.0,0.0
13/07/2026,2470.0,2510.0,-40.0,-0.01593625,2500.0,2500.0,2440.0,6300.0,15642000.0,0.0,0.0,6300.0,15642000.0,-3100.0,3100.0,0.0,0.0,-7704000.0,7704000.0,0.0,0.0
10/07/2026,2510.0,2470.0,40.0,0.01619433,2470.0,2510.0,2470.0,19900.0,49530000.0,0.0,0.0,19900.0,49530000.0,-3200.0,3200.0,0.0,0.0,-7998000.0,7998000.0,0.0,0.0
09/07/2026,2470.0,2460.0,10.0,0.00406504,2470.0,2480.0,2450.0,13228.0,32545950.0,0.0,0.0,13228.0,32545950.0,1079.0,-1079.0,0.0,0.0,2636340.0,-2636340.0,0.0,0.0
08/07/2026,2460.0,2510.0,-50.0,-0.01992032,2500.0,2500.0,2460.0,5300.0,13105000.0,0.0,0.0,5300.0,13105000.0,-500.0,500.0,0.0,0.0,-1237000.0,1237000.0,0.0,0.0
07/07/2026,2510.0,2460.0,50.0,0.0203252,2460.0,2520.0,2440.0,11702.0,29068200.0,0.0,0.0,11702.0,29068200.0,-5300.0,5300.0,0.0,0.0,-13196000.0,13196000.0,0.0,0.0
06/07/2026,2460.0,2460.0,0.0,0.0,2480.0,2500.0,2400.0,11300.0,27699000.0,0.0,0.0,11300.0,27699000.0,-4100.0,4100.0,0.0,0.0,-10106000.0,10106000.0,0.0,0.0
03/07/2026,2460.0,2460.0,0.0,0.0,2460.0,2480.0,2430.0,16500.0,40452000.0,86000.0,196940000.0,102500.0,237392000.0,5200.0,-5200.0,0.0,0.0,12700000.0,-12700000.0,0.0,0.0
02/07/2026,2460.0,2530.0,-70.0,-0.02766798,2460.0,2520.0,2360.0,34480.0,82013400.0,0.0,0.0,34480.0,82013400.0,16400.0,-16400.0,0.0,0.0,38618999.0,-38619000.0,0.0,0.0
01/07/2026,2530.0,2520.0,10.0,0.00396825,2450.0,2540.0,2450.0,4507.0,11305780.0,90000.0,211500000.0,94507.0,222805780.0,600.0,-600.0,0.0,0.0,1525000.0,-1525000.0,0.0,0.0
30/06/2026,2520.0,2520.0,0.0,0.0,2520.0,2640.0,2360.0,25900.0,64757000.0,0.0,0.0,25900.0,64757000.0,-300.0,300.0,0.0,0.0,-1490000.0,1490000.0,0.0,0.0
29/06/2026,2520.0,2500.0,20.0,0.008,2510.0,2580.0,2500.0,18745.0,47006650.0,100000.0,233000000.0,118745.0,280006650.0,2543.0,-2543.0,0.0,0.0,6318371.0,-6318370.0,0.0,0.0
26/06/2026,2500.0,2570.0,-70.0,-0.02723735,2570.0,2570.0,2400.0,13800.0,33731000.0,0.0,0.0,13800.0,33731000.0,11900.0,-11900.0,0.0,0.0,28923000.0,-28923000.0,0.0,0.0
25/06/2026,2570.0,2590.0,-20.0,-0.00772201,2600.0,2600.0,2540.0,4700.0,11985000.0,0.0,0.0,4700.0,11985000.0,3000.0,-3000.0,0.0,0.0,7646000.0,-7646000.0,0.0,0.0
24/06/2026,2590.0,2630.0,-40.0,-0.01520913,2600.0,2610.0,2560.0,3401.0,8792620.0,0.0,0.0,3401.0,8792620.0,899.0,-899.0,0.0,0.0,2322380.0,-2322380.0,0.0,0.0
23/06/2026,2630.0,2630.0,0.0,0.0,2580.0,2630.0,2530.0,1347.0,3498900.0,90000.0,220500000.0,91347.0,223998900.0,-70.0,70.0,-74.0,0.0,-179010.0,179010.0,-187000.0,0.0
22/06/2026,2630.0,2580.0,50.0,0.01937984,2590.0,2630.0,2460.0,9041.0,23320490.0,0.0,0.0,9041.0,23320490.0,2097.0,-2097.0,0.0,0.0,5337500.0,-5337500.0,0.0,0.0
19/06/2026,2580.0,2640.0,-60.0,-0.02272727,2640.0,2640.0,2520.0,6300.0,16254000.0,0.0,0.0,6300.0,16254000.0,4400.0,-4400.0,0.0,0.0,11282000.0,-11282000.0,0.0,0.0
18/06/2026,2640.0,2640.0,0.0,0.0,2640.0,2640.0,2600.0,2500.0,6591000.0,90000.0,221400000.0,92500.0,227991000.0,100.0,1500.0,0.0,-1600.0,268000.0,3956000.0,0.0,-4224000.0
17/06/2026,2640.0,2620.0,20.0,0.00763359,2650.0,2650.0,2600.0,18202.0,47512520.0,0.0,0.0,18202.0,47512520.0,12100.0,-12100.0,0.0,0.0,31507001.0,-31507000.0,0.0,0.0
16/06/2026,2620.0,2670.0,-50.0,-0.01872659,2670.0,2670.0,2620.0,16100.0,42304000.0,0.0,0.0,16100.0,42304000.0,14900.0,-14900.0,0.0,0.0,39139000.0,-39139000.0,0.0,0.0
15/06/2026,2670.0,2620.0,50.0,0.01908397,2600.0,2670.0,2600.0,811.0,2139800.0,0.0,0.0,811.0,2139800.0,-10.0,10.0,0.0,0.0,-25000.0,25000.0,0.0,0.0
12/06/2026,2620.0,2670.0,-50.0,-0.01872659,2670.0,2680.0,2600.0,32300.0,84765000.0,90000.0,224100000.0,122300.0,308865000.0,-11600.0,11600.0,0.0,0.0,-30673000.0,30673000.0,0.0,0.0
11/06/2026,2670.0,2670.0,0.0,0.0,2680.0,2800.0,2610.0,34000.0,89383000.0,0.0,0.0,34000.0,89383000.0,-15600.0,15600.0,0.0,0.0,-41103000.0,41103000.0,0.0,0.0
10/06/2026,2670.0,2670.0,0.0,0.0,2670.0,2680.0,2610.0,14212.0,37890840.0,90000.0,224100000.0,104212.0,261990840.0,-10212.0,10212.0,0.0,0.0,-27267841.0,27267840.0,0.0,0.0
09/06/2026,2670.0,2720.0,-50.0,-0.01838235,2720.0,2730.0,2590.0,23801.0,62479870.0,0.0,0.0,23801.0,62479870.0,14900.0,-14900.0,0.0,0.0,39062000.0,-39062000.0,0.0,0.0
08/06/2026,2720.0,2800.0,-80.0,-0.02857143,2790.0,2790.0,2620.0,24600.0,66925000.0,0.0,0.0,24600.0,66925000.0,-100.0,100.0,0.0,0.0,-423000.0,423000.0,0.0,0.0
05/06/2026,2800.0,2800.0,0.0,0.0,2790.0,2800.0,2790.0,5400.0,15070000.0,90000.0,234900000.0,95400.0,249970000.0,4700.0,-4700.0,0.0,0.0,13117000.0,-13117000.0,0.0,0.0
04/06/2026,2800.0,2810.0,-10.0,-0.00355872,2810.0,2810.0,2770.0,5902.0,16476620.0,0.0,0.0,5902.0,16476620.0,-502.0,-1498.0,0.0,2000.0,-1442620.0,-4177380.0,0.0,5620000.0
03/06/2026,2810.0,2800.0,10.0,0.00357143,2840.0,2840.0,2800.0,28200.0,79215000.0,90000.0,234900000.0,118200.0,314115000.0,23100.0,-23100.0,0.0,0.0,64906000.0,-64906000.0,0.0,0.0
02/06/2026,2800.0,2800.0,0.0,0.0,2810.0,2820.0,2800.0,8125.0,22778500.0,0.0,0.0,8125.0,22778500.0,2175.0,-2175.0,0.0,0.0,6109500.0,-6109500.0,0.0,0.0
01/06/2026,2800.0,2820.0,-20.0,-0.0070922,2810.0,2830.0,2790.0,4000.0,11213000.0,0.0,0.0,4000.0,11213000.0,2200.0,-2100.0,0.0,-100.0,6158000.0,-5877000.0,0.0,-281000.0
29/05/2026,2820.0,2830.0,-10.0,-0.00353357,2840.0,2840.0,2810.0,3300.0,9301000.0,0.0,0.0,3300.0,9301000.0,2700.0,-2700.0,0.0,0.0,7604000.0,-7604000.0,0.0,0.0
28/05/2026,2830.0,2830.0,0.0,0.0,2840.0,2840.0,2820.0,3808.0,10780720.0,90000.0,237600000.0,93808.0,248380720.0,1100.0,-800.0,0.0,-300.0,3112001.0,-2264000.0,0.0,-848000.0
27/05/2026,2830.0,2840.0,-10.0,-0.00352113,2840.0,2860.0,2830.0,10900.0,30918000.0,0.0,0.0,10900.0,30918000.0,100.0,-100.0,0.0,0.0,258000.0,-258000.0,0.0,0.0
26/05/2026,2840.0,2820.0,20.0,0.0070922,2830.0,2900.0,2810.0,35401.0,100136820.0,90000.0,236700000.0,125401.0,336836820.0,20300.0,-20600.0,0.0,300.0,57224000.0,-58070000.0,0.0,846000.0
25/05/2026,2820.0,2830.0,-10.0,-0.00353357,2830.0,2840.0,2820.0,5912.0,16720860.0,0.0,0.0,5912.0,16720860.0,3394.0,-3394.0,0.0,0.0,9593100.0,-9593100.0,0.0,0.0
22/05/2026,2830.0,2830.0,0.0,0.0,2710.0,2840.0,2710.0,6466.0,18020500.0,90000.0,237600000.0,96466.0,255620500.0,-66.0,66.0,0.0,0.0,16500.0,-16500.0,0.0,0.0
21/05/2026,2830.0,2820.0,10.0,0.0035461,2820.0,2830.0,2820.0,17872.0,50400050.0,0.0,0.0,17872.0,50400050.0,4601.0,-4601.0,0.0,0.0,12974820.0,-12974820.0,0.0,0.0
20/05/2026,2820.0,2800.0,20.0,0.00714286,2800.0,2820.0,2790.0,2470.0,6932900.0,90000.0,234900000.0,92470.0,241832900.0,250.0,-250.0,0.0,0.0,699500.0,-699500.0,0.0,0.0
19/05/2026,2800.0,2800.0,0.0,0.0,2800.0,2810.0,2760.0,6903.0,19221350.0,0.0,0.0,6903.0,19221350.0,1201.0,-1201.0,0.0,0.0,3333810.0,-3333810.0,0.0,0.0
18/05/2026,2800.0,2760.0,40.0,0.01449275,2760.0,2820.0,2760.0,51755.0,144865800.0,80000.0,208000000.0,131755.0,352865800.0,15453.0,-15453.0,0.0,0.0,43714280.0,-43714280.0,0.0,0.0
15/05/2026,2760.0,2760.0,0.0,0.0,2730.0,2760.0,2730.0,6700.0,18448000.0,0.0,0.0,6700.0,18448000.0,-3100.0,3100.0,0.0,0.0,-8551000.0,8551000.0,0.0,0.0
14/05/2026,2760.0,2760.0,0.0,0.0,2740.0,2780.0,2730.0,9409.0,25901840.0,0.0,0.0,9409.0,25901840.0,-8005.0,3905.0,0.0,4100.0,-22031800.0,10797800.0,0.0,11234000.0
13/05/2026,2760.0,2740.0,20.0,0.00729927,2740.0,2770.0,2740.0,17021.0,46722170.0,0.0,0.0,17021.0,46722170.0,-6600.0,6600.0,0.0,0.0,-18153001.0,18153000.0,0.0,0.0
12/05/2026,2740.0,2720.0,20.0,0.00735294,2730.0,2740.0,2730.0,601.0,1641730.0,0.0,0.0,601.0,1641730.0,0.0,0.0,0.0,0.0,0.0,0.0,0.0,0.0
11/05/2026,2720.0,2720.0,0.0,0.0,2730.0,2750.0,2720.0,11800.0,32219000.0,0.0,0.0,11800.0,32219000.0,1500.0,-1500.0,0.0,0.0,4083000.0,-4083000.0,0.0,0.0
08/05/2026,2720.0,2720.0,0.0,0.0,2730.0,2740.0,2720.0,4678.0,12748680.0,0.0,0.0,4678.0,12748680.0,1377.0,-1377.0,0.0,0.0,3735940.0,-3735940.0,0.0,0.0
07/05/2026,2720.0,2750.0,-30.0,-0.01090909,2740.0,2750.0,2720.0,21411.0,58519210.0,0.0,0.0,21411.0,58519210.0,17807.0,-17807.0,0.0,0.0,48624229.0,-48624230.0,0.0,0.0
06/05/2026,2750.0,2730.0,20.0,0.00732601,2720.0,2750.0,2720.0,15500.0,42332000.0,0.0,0.0,15500.0,42332000.0,2800.0,-2800.0,0.0,0.0,7563000.0,-7563000.0,0.0,0.0
05/05/2026,2730.0,2740.0,-10.0,-0.00364964,2730.0,2740.0,2710.0,12867.0,35011760.0,0.0,0.0,12867.0,35011760.0,9753.0,-9953.0,0.0,200.0,26507640.0,-27053640.0,0.0,546000.0
04/05/2026,2740.0,2740.0,0.0,0.0,2750.0,2770.0,2720.0,12066.0,33122200.0,0.0,0.0,12066.0,33122200.0,464.0,-464.0,0.0,0.0,1112000.0,-1112000.0,0.0,0.0
29/04/2026,2740.0,2770.0,-30.0,-0.01083032,2770.0,2810.0,2740.0,11206.0,30757320.0,0.0,0.0,11206.0,30757320.0,8794.0,-8794.0,0.0,0.0,24099680.0,-24099680.0,0.0,0.0
28/04/2026,2770.0,2770.0,0.0,0.0,2770.0,2840.0,2720.0,29909.0,82415930.0,0.0,0.0,29909.0,82415930.0,-4309.0,4309.0,0.0,0.0,-12369930.0,12369930.0,0.0,0.0
24/04/2026,2770.0,2770.0,0.0,0.0,2740.0,2770.0,2740.0,33036.0,90985080.0,0.0,0.0,33036.0,90985080.0,-21736.0,21736.0,0.0,0.0,-59797080.0,59797080.0,0.0,0.0
23/04/2026,2770.0,2720.0,50.0,0.01838235,2710.0,2770.0,2700.0,34684.0,95145720.0,0.0,0.0,34684.0,95145720.0,-5636.0,5636.0,0.0,0.0,-15470000.0,15470000.0,0.0,0.0
22/04/2026,2720.0,2740.0,-20.0,-0.00729927,2730.0,2740.0,2720.0,33501.0,91315770.0,0.0,0.0,33501.0,91315770.0,-8400.0,8400.0,0.0,0.0,-22874000.0,22874000.0,0.0,0.0
21/04/2026,2740.0,2750.0,-10.0,-0.00363636,2700.0,2750.0,2700.0,28000.0,76595000.0,0.0,0.0,28000.0,76595000.0,-7600.0,7600.0,0.0,0.0,-20760000.0,20760000.0,0.0,0.0
20/04/2026,2750.0,2710.0,40.0,0.01476015,2730.0,2750.0,2700.0,16101.0,44042730.0,0.0,0.0,16101.0,44042730.0,-11701.0,11701.0,0.0,0.0,-32013730.0,32013730.0,0.0,0.0
17/04/2026,2710.0,2730.0,-20.0,-0.00732601,2730.0,2730.0,2700.0,31400.0,85515000.0,0.0,0.0,31400.0,85515000.0,-3200.0,3200.0,0.0,0.0,-8885000.0,8885000.0,0.0,0.0
16/04/2026,2730.0,2720.0,10.0,0.00367647,2710.0,2730.0,2690.0,15186.0,41313680.0,0.0,0.0,15186.0,41313680.0,-11114.0,11114.0,0.0,0.0,-30320320.0,30320321.0,0.0,0.0
15/04/2026,2720.0,2720.0,0.0,0.0,2710.0,2730.0,2700.0,15328.0,41644730.0,0.0,0.0,15328.0,41644730.0,-7700.0,7700.0,0.0,0.0,-20923000.0,20923000.0,0.0,0.0
14/04/2026,2720.0,2730.0,-10.0,-0.003663,2700.0,2730.0,2670.0,4727.0,12823890.0,0.0,0.0,4727.0,12823890.0,-2973.0,2973.0,0.0,0.0,-8085111.0,8085110.0,0.0,0.0
13/04/2026,2730.0,2720.0,10.0,0.00367647,2720.0,2730.0,2700.0,5639.0,15298520.0,0.0,0.0,5639.0,15298520.0,-1234.0,1234.0,0.0,0.0,-3349121.0,3349120.0,0.0,0.0
10/04/2026,2720.0,2720.0,0.0,0.0,2710.0,2720.0,2680.0,6501.0,17589730.0,0.0,0.0,6501.0,17589730.0,2501.0,-2301.0,0.0,-200.0,6767730.0,-6228730.0,0.0,-539000.0
09/04/2026,2720.0,2720.0,0.0,0.0,2700.0,2730.0,2700.0,7612.0,20604650.0,0.0,0.0,7612.0,20604650.0,288.0,-288.0,0.0,0.0,775350.0,-775350.0,0.0,0.0
08/04/2026,2720.0,2720.0,0.0,0.0,2670.0,2730.0,2630.0,15502.0,41540400.0,0.0,0.0,15502.0,41540400.0,9801.0,-10001.0,0.0,200.0,26223700.0,-26751700.0,0.0,528000.0
07/04/2026,2720.0,2720.0,0.0,0.0,2710.0,2720.0,2700.0,9562.0,25956800.0,0.0,0.0,9562.0,25956800.0,3098.0,-3098.0,0.0,0.0,8392601.0,-8392600.0,0.0,0.0
06/04/2026,2720.0,2730.0,-10.0,-0.003663,2690.0,2730.0,2690.0,1130.0,3063000.0,0.0,0.0,1130.0,3063000.0,170.0,-170.0,0.0,0.0,454000.0,-454000.0,0.0,0.0
03/04/2026,2730.0,2720.0,10.0,0.00367647,2710.0,2730.0,2700.0,25600.0,69552000.0,0.0,0.0,25600.0,69552000.0,-4900.0,4900.0,0.0,0.0,-13407000.0,13407000.0,0.0,0.0
02/04/2026,2720.0,2720.0,0.0,0.0,2700.0,2720.0,2700.0,2678.0,7238160.0,0.0,0.0,2678.0,7238160.0,2100.0,-2100.0,0.0,0.0,5670000.0,-5670000.0,0.0,0.0
01/04/2026,2720.0,2720.0,0.0,0.0,2710.0,2720.0,2700.0,23306.0,63241260.0,0.0,0.0,23306.0,63241260.0,7296.0,-7296.0,0.0,0.0,19777160.0,-19777160.0,0.0,0.0
31/03/2026,2720.0,2720.0,0.0,0.0,2730.0,2730.0,2690.0,24581.0,66491080.0,0.0,0.0,24581.0,66491080.0,-11687.0,11687.0,0.0,0.0,-31622160.0,31622160.0,0.0,0.0
30/03/2026,2720.0,2720.0,0.0,0.0,2720.0,2730.0,2700.0,6701.0,18164720.0,0.0,0.0,6701.0,18164720.0,-999.0,999.0,0.0,0.0,-2697280.0,2697280.0,0.0,0.0
27/03/2026,2720.0,2710.0,10.0,0.00369004,2710.0,2730.0,2700.0,17911.0,48594810.0,0.0,0.0,17911.0,48594810.0,-10700.0,10700.0,0.0,0.0,-29017000.0,29017000.0,0.0,0.0
26/03/2026,2710.0,2700.0,10.0,0.0037037,2700.0,2710.0,2680.0,14016.0,37695000.0,0.0,0.0,14016.0,37695000.0,-307.0,307.0,0.0,0.0,-834800.0,834800.0,0.0,0.0
25/03/2026,2700.0,2700.0,0.0,0.0,2670.0,2710.0,2670.0,10201.0,27527700.0,0.0,0.0,10201.0,27527700.0,-7201.0,7201.0,0.0,0.0,-19438701.0,19438700.0,0.0,0.0
24/03/2026,2700.0,2690.0,10.0,0.00371747,2710.0,2720.0,2690.0,7900.0,21322000.0,0.0,0.0,7900.0,21322000.0,-2700.0,2700.0,0.0,0.0,-7295000.0,7295000.0,0.0,0.0
23/03/2026,2690.0,2740.0,-50.0,-0.01824818,2700.0,2730.0,2690.0,6704.0,18105760.0,0.0,0.0,6704.0,18105760.0,-1200.0,1200.0,0.0,0.0,-3251000.0,3251000.0,0.0,0.0
20/03/2026,2740.0,2740.0,0.0,0.0,2730.0,2750.0,2700.0,9416.0,25627000.0,0.0,0.0,9416.0,25627000.0,3500.0,-3500.0,0.0,0.0,9513000.0,-9513000.0,0.0,0.0
19/03/2026,2740.0,2770.0,-30.0,-0.01083032,2750.0,2750.0,2710.0,8007.0,21873560.0,0.0,0.0,8007.0,21873560.0,-1299.0,1299.0,0.0,0.0,-3606260.0,3606260.0,0.0,0.0
18/03/2026,2770.0,2740.0,30.0,0.01094891,2740.0,2770.0,2740.0,39006.0,107323540.0,0.0,0.0,39006.0,107323540.0,-8303.0,8303.0,0.0,0.0,-22829221.0,22829220.0,0.0,0.0
17/03/2026,2740.0,2730.0,10.0,0.003663,2730.0,2750.0,2730.0,14810.0,40436400.0,0.0,0.0,14810.0,40436400.0,-11310.0,11310.0,0.0,0.0,-30877401.0,30877400.0,0.0,0.0
16/03/2026,2730.0,2730.0,0.0,0.0,2720.0,2730.0,2710.0,5200.0,14122000.0,0.0,0.0,5200.0,14122000.0,1800.0,-1800.0,0.0,0.0,4875000.0,-4875000.0,0.0,0.0
13/03/2026,2730.0,2730.0,0.0,0.0,2710.0,2730.0,2710.0,2138.0,5801360.0,0.0,0.0,2138.0,5801360.0,992.0,-992.0,0.0,0.0,2688240.0,-2688240.0,0.0,0.0
12/03/2026,2730.0,2730.0,0.0,0.0,2740.0,2740.0,2690.0,22463.0,60530170.0,0.0,0.0,22463.0,60530170.0,-6116.0,6116.0,0.0,0.0,-16419941.0,16419940.0,0.0,0.0
11/03/2026,2730.0,2720.0,10.0,0.00367647,2720.0,2740.0,2690.0,11338.0,30738140.0,0.0,0.0,11338.0,30738140.0,970.0,-970.0,0.0,0.0,2652100.0,-2652100.0,0.0,0.0
10/03/2026,2720.0,2720.0,0.0,0.0,2710.0,2780.0,2690.0,21604.0,58451480.0,0.0,0.0,21604.0,58451480.0,3657.0,-3657.0,0.0,0.0,9821151.0,-9821150.0,0.0,0.0
09/03/2026,2720.0,2800.0,-80.0,-0.02857143,2750.0,2790.0,2680.0,8324.0,22571820.0,0.0,0.0,8324.0,22571820.0,1901.0,-1901.0,0.0,0.0,5082730.0,-5082730.0,0.0,0.0
06/03/2026,2800.0,2830.0,-30.0,-0.01060071,2830.0,2830.0,2740.0,8600.0,23712000.0,0.0,0.0,8600.0,23712000.0,6400.0,-6400.0,0.0,0.0,17575000.0,-17575000.0,0.0,0.0
05/03/2026,2830.0,2840.0,-10.0,-0.00352113,2840.0,2850.0,2800.0,5308.0,14973540.0,0.0,0.0,5308.0,14973540.0,2100.0,-2100.0,0.0,0.0,5892000.0,-5892000.0,0.0,0.0
04/03/2026,2840.0,2850.0,-10.0,-0.00350877,2850.0,2850.0,2830.0,10800.0,30578000.0,0.0,0.0,10800.0,30578000.0,-600.0,600.0,0.0,0.0,-1708000.0,1708000.0,0.0,0.0
03/03/2026,2850.0,2850.0,0.0,0.0,2840.0,2860.0,2820.0,12922.0,36616660.0,0.0,0.0,12922.0,36616660.0,1800.0,-1800.0,0.0,0.0,5064000.0,-5064000.0,0.0,0.0
02/03/2026,2850.0,2850.0,0.0,0.0,2830.0,2850.0,2820.0,6000.0,16989000.0,0.0,0.0,6000.0,16989000.0,1000.0,-1000.0,0.0,0.0,2828000.0,-2828000.0,0.0,0.0
27/02/2026,2850.0,2850.0,0.0,0.0,2840.0,2850.0,2840.0,10401.0,29540900.0,0.0,0.0,10401.0,29540900.0,-1.0,1.0,0.0,0.0,-2901.0,2900.0,0.0,0.0
26/02/2026,2850.0,2850.0,0.0,0.0,2850.0,2860.0,2840.0,4806.0,13693690.0,0.0,0.0,4806.0,13693690.0,-932.0,932.0,0.0,0.0,-2661790.0,2661790.0,0.0,0.0
25/02/2026,2850.0,2830.0,20.0,0.00706714,2830.0,2850.0,2830.0,12480.0,35377000.0,0.0,0.0,12480.0,35377000.0,520.0,-520.0,0.0,0.0,1438000.0,-1438000.0,0.0,0.0
24/02/2026,2830.0,2820.0,10.0,0.0035461,2820.0,2830.0,2800.0,13700.0,38541000.0,0.0,0.0,13700.0,38541000.0,-7700.0,7700.0,0.0,0.0,-21643000.0,21643000.0,0.0,0.0
23/02/2026,2820.0,2800.0,20.0,0.00714286,2800.0,2840.0,2800.0,9488.0,26707450.0,0.0,0.0,9488.0,26707450.0,-3401.0,3201.0,0.0,200.0,-9520850.0,8956850.0,0.0,564000.0
13/02/2026,2800.0,2830.0,-30.0,-0.01060071,2840.0,2860.0,2720.0,19698.0,55144180.0,0.0,0.0,19698.0,55144180.0,-1598.0,1598.0,0.0,0.0,-4627180.0,4627180.0,0.0,0.0
12/02/2026,2830.0,2870.0,-40.0,-0.01393728,2850.0,2860.0,2670.0,43250.0,119180400.0,0.0,0.0,43250.0,119180400.0,16430.0,-16430.0,0.0,0.0,45252000.0,-45252000.0,0.0,0.0
11/02/2026,2870.0,2880.0,-10.0,-0.00347222,2880.0,2890.0,2830.0,8901.0,25330890.0,0.0,0.0,8901.0,25330890.0,2599.0,-2599.0,0.0,0.0,7360110.0,-7360110.0,0.0,0.0
10/02/2026,2880.0,2900.0,-20.0,-0.00689655,2850.0,2880.0,2830.0,3710.0,10577600.0,0.0,0.0,3710.0,10577600.0,2600.0,-2600.0,0.0,0.0,7396001.0,-7396000.0,0.0,0.0
09/02/2026,2900.0,2850.0,50.0,0.01754386,2920.0,2920.0,2800.0,16300.0,46056000.0,0.0,0.0,16300.0,46056000.0,1200.0,-1200.0,0.0,0.0,3420000.0,-3420000.0,0.0,0.0
06/02/2026,2850.0,2900.0,-50.0,-0.01724138,2900.0,2910.0,2850.0,9910.0,28432000.0,0.0,0.0,9910.0,28432000.0,5110.0,-5110.0,0.0,0.0,14634000.0,-14634000.0,0.0,0.0
05/02/2026,2900.0,2890.0,10.0,0.00346021,2920.0,2930.0,2890.0,118650.0,342912900.0,0.0,0.0,118650.0,342912900.0,-118100.0,118100.0,0.0,0.0,-341311000.0,341311000.0,0.0,0.0
04/02/2026,2890.0,2880.0,10.0,0.00347222,2890.0,2930.0,2890.0,127706.0,369783550.0,0.0,0.0,127706.0,369783550.0,-94300.0,101300.0,0.0,-7000.0,-272646000.0,292946000.0,0.0,-20300000.0
03/02/2026,2880.0,2890.0,-10.0,-0.00346021,2910.0,2910.0,2860.0,11069.0,31780390.0,0.0,0.0,11069.0,31780390.0,6471.0,-6471.0,0.0,0.0,18542210.0,-18542210.0,0.0,0.0
02/02/2026,2890.0,2900.0,-10.0,-0.00344828,2880.0,2900.0,2880.0,9823.0,28344500.0,0.0,0.0,9823.0,28344500.0,2178.0,-2178.0,0.0,0.0,6306200.0,-6306200.0,0.0,0.0
30/01/2026,2900.0,2930.0,-30.0,-0.01023891,2930.0,2930.0,2880.0,1505.0,4372650.0,0.0,0.0,1505.0,4372650.0,1095.0,-1095.0,0.0,0.0,3171350.0,-3171350.0,0.0,0.0
29/01/2026,2930.0,2920.0,10.0,0.00342466,2920.0,2930.0,2900.0,4938.0,14404060.0,0.0,0.0,4938.0,14404060.0,-3315.0,3315.0,0.0,0.0,-9665800.0,9665800.0,0.0,0.0
28/01/2026,2920.0,2920.0,0.0,0.0,2920.0,2930.0,2920.0,1400.0,4089000.0,0.0,0.0,1400.0,4089000.0,-1200.0,1200.0,0.0,0.0,-3504000.0,3504000.0,0.0,0.0
27/01/2026,2920.0,2920.0,0.0,0.0,2920.0,2940.0,2880.0,4306.0,12532520.0,0.0,0.0,4306.0,12532520.0,-1194.0,1194.0,0.0,0.0,-3486480.0,3486480.0,0.0,0.0
26/01/2026,2920.0,2910.0,10.0,0.00343643,2930.0,2930.0,2890.0,7853.0,22795190.0,0.0,0.0,7853.0,22795190.0,5123.0,-5123.0,0.0,0.0,14836180.0,-14836180.0,0.0,0.0
23/01/2026,2910.0,2930.0,-20.0,-0.00682594,2940.0,2940.0,2910.0,8600.0,25204000.0,0.0,0.0,8600.0,25204000.0,-1400.0,1400.0,0.0,0.0,-4196000.0,4196000.0,0.0,0.0
22/01/2026,2930.0,2930.0,0.0,0.0,2920.0,2940.0,2900.0,4507.0,13152370.0,0.0,0.0,4507.0,13152370.0,1400.0,-1400.0,0.0,0.0,4078000.0,-4078000.0,0.0,0.0
21/01/2026,2930.0,2920.0,10.0,0.00342466,2940.0,2940.0,2910.0,1252.0,3672710.0,0.0,0.0,1252.0,3672710.0,-241.0,241.0,0.0,0.0,-711700.0,711700.0,0.0,0.0
20/01/2026,2920.0,2940.0,-20.0,-0.00680272,2950.0,2950.0,2920.0,3639.0,10645720.0,0.0,0.0,3639.0,10645720.0,562.0,-562.0,0.0,0.0,1645230.0,-1645230.0,0.0,0.0
19/01/2026,2940.0,2950.0,-10.0,-0.00338983,2930.0,2950.0,2930.0,4827.0,14151040.0,0.0,0.0,4827.0,14151040.0,2993.0,-2993.0,0.0,0.0,8771960.0,-8771960.0,0.0,0.0
16/01/2026,2950.0,2970.0,-20.0,-0.00673401,2910.0,2960.0,2910.0,2500.0,7308000.0,0.0,0.0,2500.0,7308000.0,-600.0,600.0,0.0,0.0,-1745000.0,1745000.0,0.0,0.0
15/01/2026,2970.0,2970.0,0.0,0.0,2950.0,2970.0,2950.0,2100.0,6197000.0,0.0,0.0,2100.0,6197000.0,-2000.0,2000.0,0.0,0.0,-5900000.0,5900000.0,0.0,0.0
14/01/2026,2970.0,2970.0,0.0,0.0,2970.0,2970.0,2920.0,3605.0,10685800.0,0.0,0.0,3605.0,10685800.0,-2695.0,2695.0,0.0,0.0,-7999200.0,7999200.0,0.0,0.0
13/01/2026,2970.0,2970.0,0.0,0.0,2960.0,2970.0,2960.0,3500.0,10389000.0,0.0,0.0,3500.0,10389000.0,-3300.0,3300.0,0.0,0.0,-9795000.0,9795000.0,0.0,0.0
12/01/2026,2970.0,2970.0,0.0,0.0,2970.0,2970.0,2940.0,10620.0,31400440.0,0.0,0.0,10620.0,31400440.0,-407.0,407.0,0.0,0.0,-1293771.0,1293770.0,0.0,0.0
09/01/2026,2970.0,2970.0,0.0,0.0,2950.0,2970.0,2930.0,1657.0,4901290.0,0.0,0.0,1657.0,4901290.0,850.0,-850.0,0.0,0.0,2514500.0,-2514500.0,0.0,0.0
08/01/2026,2970.0,2970.0,0.0,0.0,2930.0,2970.0,2910.0,2401.0,7026960.0,0.0,0.0,2401.0,7026960.0,1999.0,-1899.0,0.0,-100.0,5840040.0,-5544040.0,0.0,-296000.0
07/01/2026,2970.0,2950.0,20.0,0.00677966,2950.0,2970.0,2920.0,27210.0,80472600.0,0.0,0.0,27210.0,80472600.0,20200.0,-20200.0,0.0,0.0,59726000.0,-59726000.0,0.0,0.0
06/01/2026,2950.0,2940.0,10.0,0.00340136,2940.0,2950.0,2910.0,17411.0,50839900.0,0.0,0.0,17411.0,50839900.0,11989.0,-11989.0,0.0,0.0,34913100.0,-34913100.0,0.0,0.0
05/01/2026,2940.0,2960.0,-20.0,-0.00675676,2960.0,2970.0,2910.0,4314.0,12708250.0,0.0,0.0,4314.0,12708250.0,1801.0,-1801.0,0.0,0.0,5282250.0,-5282250.0,0.0,0.0
31/12/2025,2960.0,2970.0,-10.0,-0.003367,2960.0,2960.0,2960.0,611.0,1808560.0,0.0,0.0,611.0,1808560.0,-400.0,400.0,0.0,0.0,-1184000.0,1184000.0,0.0,0.0
30/12/2025,2970.0,2970.0,0.0,0.0,2960.0,2970.0,2910.0,2816.0,8302370.0,0.0,0.0,2816.0,8302370.0,86.0,-86.0,0.0,0.0,253570.0,-253570.0,0.0,0.0
29/12/2025,2970.0,2970.0,0.0,0.0,2970.0,2970.0,2920.0,1206.0,3556760.0,0.0,0.0,1206.0,3556760.0,94.0,-94.0,0.0,0.0,265240.0,-265240.0,0.0,0.0
26/12/2025,2970.0,2970.0,0.0,0.0,2850.0,2970.0,2850.0,4013.0,11565610.0,0.0,0.0,4013.0,11565610.0,200.0,-200.0,0.0,0.0,620000.0,-620000.0,0.0,0.0
25/12/2025,2970.0,2970.0,0.0,0.0,2960.0,2970.0,2960.0,205.0,607650.0,0.0,0.0,205.0,607650.0,0.0,0.0,0.0,0.0,0.0,0.0,0.0,0.0
24/12/2025,2970.0,2970.0,0.0,0.0,2950.0,2970.0,2910.0,2316.0,6796570.0,0.0,0.0,2316.0,6796570.0,406.0,-406.0,0.0,0.0,1201870.0,-1201870.0,0.0,0.0
23/12/2025,2970.0,2970.0,0.0,0.0,2920.0,2970.0,2910.0,7714.0,22716380.0,0.0,0.0,7714.0,22716380.0,1910.0,-1910.0,0.0,0.0,5551501.0,-5551500.0,0.0,0.0
22/12/2025,2970.0,2970.0,0.0,0.0,2950.0,2970.0,2920.0,6326.0,18662190.0,0.0,0.0,6326.0,18662190.0,4675.0,325.0,0.0,-5000.0,13794750.0,955250.0,0.0,-14750000.0
19/12/2025,2970.0,2960.0,10.0,0.00337838,2950.0,2970.0,2950.0,520.0,1537600.0,0.0,0.0,520.0,1537600.0,-120.0,120.0,0.0,0.0,-354600.0,354600.0,0.0,0.0
18/12/2025,2960.0,2950.0,10.0,0.00338983,2950.0,2970.0,2920.0,3252.0,9557880.0,0.0,0.0,3252.0,9557880.0,1849.0,-2149.0,0.0,300.0,5416059.0,-6301060.0,0.0,885000.0
17/12/2025,2950.0,2980.0,-30.0,-0.01006711,2950.0,2980.0,2930.0,3614.0,10638420.0,0.0,0.0,3614.0,10638420.0,990.0,-990.0,0.0,0.0,2918500.0,-2918500.0,0.0,0.0
16/12/2025,2980.0,2950.0,30.0,0.01016949,2970.0,2980.0,2910.0,13126.0,38925560.0,0.0,0.0,13126.0,38925560.0,-6994.0,6994.0,0.0,0.0,-20924240.0,20924240.0,0.0,0.0
15/12/2025,2950.0,2990.0,-40.0,-0.01337793,2980.0,3000.0,2940.0,22610.0,66749900.0,0.0,0.0,22610.0,66749900.0,-19990.0,19990.0,0.0,0.0,-58984100.0,58984100.0,0.0,0.0
12/12/2025,2990.0,2990.0,0.0,0.0,3000.0,3000.0,2960.0,4403.0,13146440.0,0.0,0.0,4403.0,13146440.0,365.0,-365.0,0.0,0.0,1079780.0,-1079780.0,0.0,0.0
11/12/2025,2990.0,2980.0,10.0,0.0033557,2990.0,3000.0,2990.0,2100.0,6288000.0,0.0,0.0,2100.0,6288000.0,-900.0,900.0,0.0,0.0,-2698000.0,2698000.0,0.0,0.0
10/12/2025,2980.0,2990.0,-10.0,-0.00334448,3000.0,3020.0,2980.0,23067.0,69150930.0,0.0,0.0,23067.0,69150930.0,4187.0,-4187.0,0.0,0.0,12507000.0,-12507000.0,0.0,0.0
09/12/2025,2990.0,3000.0,-10.0,-0.00333333,2970.0,3010.0,2970.0,7652.0,22910400.0,0.0,0.0,7652.0,22910400.0,-2175.0,2175.0,0.0,0.0,-6528001.0,6528000.0,0.0,0.0
08/12/2025,3000.0,2970.0,30.0,0.01010101,2970.0,3000.0,2950.0,10192.0,30377400.0,0.0,0.0,10192.0,30377400.0,-3292.0,3292.0,0.0,0.0,-9860401.0,9860400.0,0.0,0.0
05/12/2025,2970.0,2970.0,0.0,0.0,2930.0,2970.0,2930.0,3807.0,11224720.0,0.0,0.0,3807.0,11224720.0,-907.0,907.0,0.0,0.0,-2679720.0,2679720.0,0.0,0.0
04/12/2025,2970.0,2970.0,0.0,0.0,2970.0,2980.0,2960.0,25936.0,76971920.0,0.0,0.0,25936.0,76971920.0,12600.0,-12600.0,0.0,0.0,37355000.0,-37355000.0,0.0,0.0
03/12/2025,2970.0,2970.0,0.0,0.0,2950.0,2970.0,2940.0,10221.0,30290370.0,0.0,0.0,10221.0,30290370.0,-902.0,902.0,0.0,0.0,-2655940.0,2655940.0,0.0,0.0
02/12/2025,2970.0,2970.0,0.0,0.0,2940.0,2970.0,2940.0,46627.0,137849190.0,0.0,0.0,46627.0,137849190.0,27700.0,-27700.0,0.0,0.0,81853001.0,-81853000.0,0.0,0.0
01/12/2025,2970.0,2960.0,10.0,0.00337838,2960.0,2970.0,2950.0,9100.0,26951000.0,0.0,0.0,9100.0,26951000.0,1300.0,-1300.0,0.0,0.0,3862000.0,-3862000.0,0.0,0.0
28/11/2025,2960.0,2970.0,-10.0,-0.003367,2970.0,2970.0,2960.0,5210.0,15424300.0,0.0,0.0,5210.0,15424300.0,1900.0,-1900.0,0.0,0.0,5625000.0,-5625000.0,0.0,0.0
27/11/2025,2970.0,2960.0,10.0,0.00337838,2940.0,2980.0,2940.0,9900.0,29334000.0,0.0,0.0,9900.0,29334000.0,800.0,-800.0,0.0,0.0,2338000.0,-2338000.0,0.0,0.0
26/11/2025,2960.0,2950.0,10.0,0.00338983,2950.0,2970.0,2930.0,4100.0,12079000.0,0.0,0.0,4100.0,12079000.0,400.0,0.0,0.0,-400.0,1189000.0,-9000.0,0.0,-1180000.0
25/11/2025,2950.0,2950.0,0.0,0.0,2960.0,2980.0,2950.0,11600.0,34357000.0,0.0,0.0,11600.0,34357000.0,600.0,-600.0,0.0,0.0,1799000.0,-1799000.0,0.0,0.0
24/11/2025,2950.0,2980.0,-30.0,-0.01006711,2970.0,2990.0,2950.0,19716.0,58664670.0,0.0,0.0,19716.0,58664670.0,4401.0,-4401.0,0.0,0.0,12942939.0,-12942940.0,0.0,0.0
21/11/2025,2980.0,2990.0,-10.0,-0.00334448,2990.0,2990.0,2890.0,48713.0,141980980.0,0.0,0.0,48713.0,141980980.0,18501.0,-18501.0,-1.0,0.0,53956999.0,-53957000.0,-3000.0,0.0
20/11/2025,2990.0,3000.0,-10.0,-0.00333333,2950.0,3000.0,2930.0,17600.0,52097000.0,0.0,0.0,17600.0,52097000.0,3600.0,-3600.0,0.0,0.0,10549000.0,-10549000.0,0.0,0.0
19/11/2025,3000.0,3000.0,0.0,0.0,2990.0,3000.0,2960.0,26343.0,78726570.0,0.0,0.0,26343.0,78726570.0,15800.0,-15800.0,0.0,0.0,47201001.0,-47201000.0,0.0,0.0
18/11/2025,3000.0,3000.0,0.0,0.0,2990.0,3010.0,2970.0,16307.0,48751000.0,0.0,0.0,16307.0,48751000.0,14207.0,-14207.0,0.0,0.0,42448000.0,-42448000.0,0.0,0.0
17/11/2025,3000.0,3030.0,-30.0,-0.00990099,3000.0,3040.0,2960.0,2338.0,7006640.0,0.0,0.0,2338.0,7006640.0,890.0,-890.0,0.0,0.0,2673600.0,-2673600.0,0.0,0.0
14/11/2025,3030.0,3050.0,-20.0,-0.00655738,2990.0,3030.0,2990.0,307.0,922120.0,0.0,0.0,307.0,922120.0,-107.0,107.0,0.0,0.0,-320120.0,320120.0,0.0,0.0
13/11/2025,3050.0,3050.0,0.0,0.0,2990.0,3050.0,2990.0,712.0,2165480.0,0.0,0.0,712.0,2165480.0,-400.0,400.0,0.0,0.0,-1220000.0,1220000.0,0.0,0.0
12/11/2025,3050.0,3000.0,50.0,0.01666667,3000.0,3050.0,2970.0,22214.0,66828040.0,0.0,0.0,22214.0,66828040.0,-15414.0,15414.0,0.0,0.0,-46454040.0,46454040.0,0.0,0.0
11/11/2025,3000.0,2970.0,30.0,0.01010101,2980.0,3010.0,2960.0,25200.0,75405000.0,0.0,0.0,25200.0,75405000.0,1800.0,-1800.0,0.0,0.0,5391000.0,-5391000.0,0.0,0.0
10/11/2025,2970.0,2990.0,-20.0,-0.00668896,2990.0,2990.0,2940.0,4210.0,12444820.0,0.0,0.0,4210.0,12444820.0,-405.0,405.0,0.0,0.0,-1210880.0,1210880.0,0.0,0.0
07/11/2025,2990.0,3000.0,-10.0,-0.00333333,2990.0,2990.0,2990.0,142.0,421850.0,0.0,0.0,142.0,421850.0,-38.0,38.0,0.0,0.0,-110851.0,110850.0,0.0,0.0
06/11/2025,3000.0,2990.0,10.0,0.00334448,2970.0,3000.0,2960.0,5018.0,14987180.0,0.0,0.0,5018.0,14987180.0,2806.0,-2806.0,0.0,0.0,8391920.0,-8391920.0,0.0,0.0
05/11/2025,2990.0,2980.0,10.0,0.0033557,2980.0,3000.0,2970.0,5706.0,17020900.0,0.0,0.0,5706.0,17020900.0,96.0,-96.0,0.0,0.0,285100.0,-285100.0,0.0,0.0
04/11/2025,2980.0,2990.0,-10.0,-0.00334448,2990.0,3000.0,2920.0,6504.0,19101790.0,0.0,0.0,6504.0,19101790.0,2103.0,-2103.0,0.0,0.0,6176941.0,-6176940.0,0.0,0.0
03/11/2025,2990.0,3000.0,-10.0,-0.00333333,3000.0,3000.0,2910.0,10142.0,30015900.0,0.0,0.0,10142.0,30015900.0,1000.0,-1000.0,0.0,0.0,2960000.0,-2960000.0,0.0,0.0
31/10/2025,3000.0,2990.0,10.0,0.00334448,3000.0,3000.0,2970.0,3919.0,11714000.0,0.0,0.0,3919.0,11714000.0,318.0,-318.0,0.0,0.0,951000.0,-951000.0,0.0,0.0
30/10/2025,2990.0,3000.0,-10.0,-0.00333333,3010.0,3010.0,2790.0,21618.0,61008180.0,0.0,0.0,21618.0,61008180.0,8802.0,-8802.0,0.0,0.0,24919020.0,-24919020.0,0.0,0.0
29/10/2025,3000.0,3010.0,-10.0,-0.00332226,3000.0,3010.0,2990.0,6709.0,20129170.0,0.0,0.0,6709.0,20129170.0,3891.0,-3891.0,0.0,0.0,11672830.0,-11672830.0,0.0,0.0
28/10/2025,3010.0,3010.0,0.0,0.0,2990.0,3010.0,2990.0,3404.0,10184020.0,0.0,0.0,3404.0,10184020.0,2596.0,-2596.0,0.0,0.0,7761980.0,-7761980.0,0.0,0.0
27/10/2025,3010.0,3000.0,10.0,0.00333333,3000.0,3040.0,3000.0,1409.0,4245000.0,0.0,0.0,1409.0,4245000.0,99.0,-99.0,0.0,0.0,300000.0,-300000.0,0.0,0.0
24/10/2025,3000.0,3000.0,0.0,0.0,3000.0,3000.0,3000.0,200.0,600000.0,0.0,0.0,200.0,600000.0,0.0,0.0,0.0,0.0,0.0,0.0,0.0,0.0
23/10/2025,3000.0,3000.0,0.0,0.0,3020.0,3020.0,2970.0,6202.0,18608040.0,0.0,0.0,6202.0,18608040.0,-2200.0,2200.0,0.0,0.0,-6683001.0,6683000.0,0.0,0.0
22/10/2025,3000.0,2960.0,40.0,0.01351351,3030.0,3030.0,2940.0,2608.0,7731100.0,0.0,0.0,2608.0,7731100.0,2007.0,-2007.0,0.0,0.0,5925071.0,-5925070.0,0.0,0.0
21/10/2025,2960.0,3000.0,-40.0,-0.01333333,3020.0,3020.0,2940.0,25481.0,75420840.0,0.0,0.0,25481.0,75420840.0,18037.0,-18037.0,0.0,0.0,53454840.0,-53454840.0,0.0,0.0
20/10/2025,3000.0,3050.0,-50.0,-0.01639344,3030.0,3030.0,3000.0,6515.0,19581750.0,0.0,0.0,6515.0,19581750.0,-4300.0,4300.0,0.0,0.0,-12924000.0,12924000.0,0.0,0.0
17/10/2025,3050.0,3050.0,0.0,0.0,3050.0,3050.0,3030.0,5902.0,17993060.0,0.0,0.0,5902.0,17993060.0,-4102.0,4102.0,0.0,0.0,-12508061.0,12508060.0,0.0,0.0
16/10/2025,3050.0,3040.0,10.0,0.00328947,3020.0,3060.0,2950.0,8010.0,24257500.0,0.0,0.0,8010.0,24257500.0,1610.0,-1610.0,0.0,0.0,4865500.0,-4865500.0,0.0,0.0
15/10/2025,3040.0,3050.0,-10.0,-0.00327869,3030.0,3050.0,3000.0,4900.0,14736000.0,0.0,0.0,4900.0,14736000.0,-200.0,200.0,0.0,0.0,-603000.0,603000.0,0.0,0.0
14/10/2025,3050.0,3050.0,0.0,0.0,3050.0,3050.0,3000.0,73840.0,222417310.0,0.0,0.0,73840.0,222417310.0,-4533.0,4533.0,0.0,0.0,-14049000.0,14049000.0,0.0,0.0
13/10/2025,3050.0,3050.0,0.0,0.0,3050.0,3050.0,3010.0,29402.0,88847100.0,0.0,0.0,29402.0,88847100.0,-1498.0,1498.0,0.0,0.0,-4556900.0,4556900.0,0.0,0.0
10/10/2025,3050.0,3050.0,0.0,0.0,3040.0,3060.0,3020.0,9605.0,29232250.0,0.0,0.0,9605.0,29232250.0,5200.0,-5200.0,0.0,0.0,15839000.0,-15839000.0,0.0,0.0
09/10/2025,3050.0,3060.0,-10.0,-0.00326797,3050.0,3050.0,3010.0,15100.0,45838000.0,0.0,0.0,15100.0,45838000.0,0.0,0.0,0.0,0.0,-6000.0,6000.0,0.0,0.0
08/10/2025,3060.0,3060.0,0.0,0.0,3050.0,3060.0,3020.0,4453.0,13539070.0,0.0,0.0,4453.0,13539070.0,1847.0,-1847.0,0.0,0.0,5593930.0,-5593930.0,0.0,0.0
07/10/2025,3060.0,3060.0,0.0,0.0,3050.0,3060.0,3040.0,19330.0,58885500.0,0.0,0.0,19330.0,58885500.0,70.0,-70.0,0.0,0.0,221500.0,-221500.0,0.0,0.0
06/10/2025,3060.0,3060.0,0.0,0.0,3050.0,3060.0,3040.0,51639.0,157599210.0,0.0,0.0,51639.0,157599210.0,25089.0,-25089.0,0.0,0.0,76428470.0,-76428470.0,0.0,0.0
03/10/2025,3060.0,3060.0,0.0,0.0,3050.0,3070.0,3040.0,3830.0,11691800.0,0.0,0.0,3830.0,11691800.0,-970.0,970.0,0.0,0.0,-2959200.0,2959200.0,0.0,0.0
02/10/2025,3060.0,3050.0,10.0,0.00327869,3060.0,3060.0,3040.0,14668.0,44783080.0,0.0,0.0,14668.0,44783080.0,-450.0,450.0,0.0,0.0,-1394000.0,1394000.0,0.0,0.0
01/10/2025,3050.0,3060.0,-10.0,-0.00326797,3060.0,3070.0,3020.0,57762.0,176329310.0,0.0,0.0,57762.0,176329310.0,24348.0,-24348.0,0.0,0.0,74396370.0,-74396370.0,0.0,0.0
30/09/2025,3060.0,3060.0,0.0,0.0,3060.0,3060.0,3040.0,3000.0,9149000.0,0.0,0.0,3000.0,9149000.0,-900.0,900.0,0.0,0.0,-2753000.0,2753000.0,0.0,0.0
29/09/2025,3060.0,3040.0,20.0,0.00657895,3040.0,3060.0,3040.0,21310.0,64981500.0,0.0,0.0,21310.0,64981500.0,-5900.0,5900.0,0.0,0.0,-17986000.0,17986000.0,0.0,0.0
26/09/2025,3040.0,3060.0,-20.0,-0.00653595,3060.0,3060.0,3030.0,25740.0,78193150.0,0.0,0.0,25740.0,78193150.0,6762.0,-6762.0,0.0,0.0,20590940.0,-20590940.0,0.0,0.0
25/09/2025,3060.0,3070.0,-10.0,-0.00325733,3050.0,3070.0,3050.0,19610.0,59958700.0,0.0,0.0,19610.0,59958700.0,-5409.0,5409.0,0.0,0.0,-16541630.0,16541630.0,0.0,0.0
24/09/2025,3070.0,3060.0,10.0,0.00326797,3070.0,3070.0,3060.0,1502.0,4607000.0,0.0,0.0,1502.0,4607000.0,500.0,-500.0,0.0,0.0,1535000.0,-1535000.0,0.0,0.0
23/09/2025,3060.0,3050.0,10.0,0.00327869,3050.0,3180.0,3050.0,19720.0,60299300.0,0.0,0.0,19720.0,60299300.0,880.0,-880.0,0.0,0.0,2693699.0,-2693700.0,0.0,0.0
22/09/2025,3050.0,3050.0,0.0,0.0,3080.0,3080.0,3030.0,7951.0,24258550.0,0.0,0.0,7951.0,24258550.0,-1010.0,1010.0,0.0,0.0,-3091500.0,3091500.0,0.0,0.0
19/09/2025,3050.0,3070.0,-20.0,-0.00651466,3060.0,3060.0,3030.0,2832.0,8617080.0,0.0,0.0,2832.0,8617080.0,-516.0,516.0,0.0,0.0,-1569960.0,1569960.0,0.0,0.0
18/09/2025,3070.0,3070.0,0.0,0.0,3040.0,3080.0,3040.0,2532.0,7713200.0,0.0,0.0,2532.0,7713200.0,-1120.0,1120.0,0.0,0.0,-3408600.0,3408600.0,0.0,0.0
17/09/2025,3070.0,3050.0,20.0,0.00655738,3050.0,3110.0,3030.0,29724.0,90805940.0,0.0,0.0,29724.0,90805940.0,-15432.0,15432.0,0.0,0.0,-47196420.0,47196420.0,0.0,0.0
16/09/2025,3050.0,3060.0,-10.0,-0.00326797,3060.0,3060.0,3020.0,24800.0,75358000.0,0.0,0.0,24800.0,75358000.0,7000.0,-7000.0,0.0,0.0,21150000.0,-21150000.0,0.0,0.0
15/09/2025,3060.0,3070.0,-10.0,-0.00325733,3060.0,3080.0,3030.0,54360.0,166111590.0,0.0,0.0,54360.0,166111590.0,35650.0,-33450.0,0.0,-2200.0,108935090.0,-102247090.0,0.0,-6688000.0
12/09/2025,3070.0,3080.0,-10.0,-0.00324675,3080.0,3080.0,3060.0,3500.0,10719000.0,0.0,0.0,3500.0,10719000.0,-300.0,300.0,0.0,0.0,-922000.0,922000.0,0.0,0.0
11/09/2025,3080.0,3070.0,10.0,0.00325733,3040.0,3080.0,2930.0,8200.0,24696000.0,0.0,0.0,8200.0,24696000.0,1800.0,-1800.0,0.0,0.0,5333000.0,-5333000.0,0.0,0.0
10/09/2025,3070.0,3080.0,-10.0,-0.00324675,3010.0,3080.0,3010.0,31816.0,96435960.0,0.0,0.0,31816.0,96435960.0,19771.0,-19771.0,0.0,0.0,59775261.0,-59775260.0,0.0,0.0
09/09/2025,3080.0,3100.0,-20.0,-0.00645161,3090.0,3090.0,3040.0,22814.0,69618320.0,0.0,0.0,22814.0,69618320.0,11190.0,-11190.0,0.0,0.0,34074000.0,-34074000.0,0.0,0.0
08/09/2025,3100.0,3100.0,0.0,0.0,3090.0,3110.0,3060.0,34031.0,105038450.0,0.0,0.0,34031.0,105038450.0,18297.0,-18297.0,0.0,0.0,56356151.0,-56356150.0,0.0,0.0
05/09/2025,3100.0,3100.0,0.0,0.0,3100.0,3120.0,3090.0,38546.0,119708870.0,0.0,0.0,38546.0,119708870.0,-3129.0,3129.0,0.0,0.0,-9727170.0,9727170.0,0.0,0.0
04/09/2025,3100.0,3100.0,0.0,0.0,3090.0,3120.0,3080.0,161410.0,499465900.0,0.0,0.0,161410.0,499465900.0,10500.0,-10500.0,0.0,0.0,32104000.0,-32104000.0,0.0,0.0
03/09/2025,3100.0,3100.0,0.0,0.0,3090.0,3100.0,3070.0,19707.0,60652700.0,0.0,0.0,19707.0,60652700.0,7500.0,-7500.0,0.0,0.0,23017000.0,-23017000.0,0.0,0.0
29/08/2025,3100.0,3090.0,10.0,0.00323625,3120.0,3130.0,3060.0,36692.0,113899200.0,0.0,0.0,36692.0,113899200.0,1668.0,-1668.0,0.0,0.0,4887800.0,-4887800.0,0.0,0.0
28/08/2025,3090.0,3120.0,-30.0,-0.00961538,3120.0,3120.0,2910.0,103404.0,304766480.0,0.0,0.0,103404.0,304766480.0,89903.0,-89903.0,0.0,0.0,264368360.0,-264368360.0,0.0,0.0
27/08/2025,3120.0,3110.0,10.0,0.00321543,3110.0,3130.0,3090.0,48107.0,149338910.0,0.0,0.0,48107.0,149338910.0,15503.0,-15503.0,0.0,0.0,48355390.0,-48355390.0,0.0,0.0
26/08/2025,3110.0,3130.0,-20.0,-0.00638978,3130.0,3140.0,3110.0,13901.0,43308200.0,0.0,0.0,13901.0,43308200.0,3001.0,-3001.0,0.0,0.0,9319200.0,-9319200.0,0.0,0.0
25/08/2025,3130.0,3140.0,-10.0,-0.00318471,3150.0,3150.0,3100.0,20565.0,64124370.0,0.0,0.0,20565.0,64124370.0,6962.0,-6962.0,0.0,0.0,21482680.0,-21482680.0,0.0,0.0
22/08/2025,3140.0,3190.0,-50.0,-0.01567398,3120.0,3190.0,3100.0,63331.0,197407260.0,0.0,0.0,63331.0,197407260.0,22802.0,-22802.0,0.0,0.0,70914320.0,-70914320.0,0.0,0.0
21/08/2025,3190.0,3180.0,10.0,0.00314465,3190.0,3200.0,3170.0,36085.0,114950750.0,0.0,0.0,36085.0,114950750.0,-13707.0,13707.0,0.0,0.0,-43663670.0,43663670.0,0.0,0.0
20/08/2025,3180.0,3190.0,-10.0,-0.0031348,3200.0,3200.0,3150.0,51949.0,164515780.0,0.0,0.0,51949.0,164515780.0,25430.0,-25388.0,0.0,-42.0,80553250.0,-80420250.0,0.0,-133980.0
19/08/2025,3190.0,3180.0,10.0,0.00314465,3180.0,3250.0,3160.0,89448.0,285203230.0,0.0,0.0,89448.0,285203230.0,-35606.0,35606.0,0.0,0.0,-113664040.0,113664040.0,0.0,0.0
18/08/2025,3180.0,3180.0,0.0,0.0,3180.0,3200.0,3180.0,19815.0,63096950.0,0.0,0.0,19815.0,63096950.0,-2989.0,2989.0,0.0,0.0,-9534800.0,9534800.0,0.0,0.0
15/08/2025,3180.0,3180.0,0.0,0.0,3190.0,3190.0,3170.0,5173.0,16423250.0,0.0,0.0,5173.0,16423250.0,76.0,-76.0,0.0,0.0,238530.0,-238530.0,0.0,0.0
14/08/2025,3180.0,3180.0,0.0,0.0,3190.0,3190.0,3170.0,37027.0,117574120.0,0.0,0.0,37027.0,117574120.0,6780.0,-6780.0,0.0,0.0,21449200.0,-21449200.0,0.0,0.0
13/08/2025,3180.0,3210.0,-30.0,-0.00934579,3200.0,3200.0,3170.0,35497.0,112772920.0,0.0,0.0,35497.0,112772920.0,16494.0,-16494.0,0.0,0.0,52287760.0,-52287760.0,0.0,0.0
12/08/2025,3210.0,3210.0,0.0,0.0,3210.0,3210.0,3180.0,46446.0,148481610.0,0.0,0.0,46446.0,148481610.0,5596.0,-5596.0,0.0,0.0,17830110.0,-17830110.0,0.0,0.0
11/08/2025,3210.0,3170.0,40.0,0.0126183,3170.0,3270.0,3170.0,58826.0,188483650.0,0.0,0.0,58826.0,188483650.0,-1974.0,2774.0,0.0,-800.0,-6496350.0,9032350.0,0.0,-2536000.0
08/08/2025,3170.0,3180.0,-10.0,-0.00314465,3160.0,3180.0,3150.0,39990.0,126638560.0,0.0,0.0,39990.0,126638560.0,16127.0,-16127.0,0.0,0.0,51046660.0,-51046659.0,0.0,0.0
07/08/2025,3180.0,3160.0,20.0,0.00632911,3170.0,3180.0,3140.0,40523.0,127831560.0,0.0,0.0,40523.0,127831560.0,1585.0,-985.0,0.0,-600.0,4983400.0,-3075400.0,0.0,-1908000.0
06/08/2025,3160.0,3170.0,-10.0,-0.00315457,3170.0,3180.0,3150.0,67678.0,214252860.0,0.0,0.0,67678.0,214252860.0,-7522.0,7522.0,-6.0,0.0,-24147000.0,24147000.0,-18000.0,0.0
05/08/2025,3170.0,3170.0,0.0,0.0,3170.0,3180.0,3150.0,97083.0,306933650.0,0.0,0.0,97083.0,306933650.0,65629.0,-65629.0,0.0,0.0,207396541.0,-207396540.0,0.0,0.0
04/08/2025,3170.0,3160.0,10.0,0.00316456,3160.0,3190.0,3150.0,95318.0,301578880.0,0.0,0.0,95318.0,301578880.0,-16100.0,16100.0,0.0,0.0,-51020000.0,51020000.0,0.0,0.0
01/08/2025,3160.0,3170.0,-10.0,-0.00315457,3170.0,3190.0,3160.0,20909.0,66303530.0,0.0,0.0,20909.0,66303530.0,-6600.0,6600.0,0.0,0.0,-20966000.0,20966000.0,0.0,0.0
31/07/2025,3170.0,3150.0,20.0,0.00634921,3150.0,3180.0,3100.0,16244.0,50797640.0,0.0,0.0,16244.0,50797640.0,-7636.0,7636.0,0.0,0.0,-23831960.0,23831960.0,0.0,0.0
30/07/2025,3150.0,3150.0,0.0,0.0,3150.0,3150.0,3110.0,130204.0,406792960.0,0.0,0.0,130204.0,406792960.0,-9046.0,9046.0,0.0,0.0,-28305040.0,28305040.0,0.0,0.0
29/07/2025,3150.0,3180.0,-30.0,-0.00943396,3180.0,3190.0,3130.0,223589.0,706493020.0,0.0,0.0,223589.0,706493020.0,-42200.0,41600.0,0.0,600.0,-133329000.0,131433000.0,0.0,1896000.0
28/07/2025,3180.0,3150.0,30.0,0.00952381,3160.0,3190.0,3140.0,62825.0,198537890.0,0.0,0.0,62825.0,198537890.0,-17010.0,17010.0,0.0,0.0,-53549500.0,53549500.0,0.0,0.0
25/07/2025,3150.0,3160.0,-10.0,-0.00316456,3160.0,3170.0,3150.0,39903.0,126034250.0,0.0,0.0,39903.0,126034250.0,-24295.0,24295.0,0.0,0.0,-76822050.0,76822050.0,0.0,0.0
24/07/2025,3160.0,3160.0,0.0,0.0,3160.0,3170.0,3140.0,44711.0,141119000.0,0.0,0.0,44711.0,141119000.0,-14190.0,14190.0,0.0,0.0,-44794300.0,44794300.0,0.0,0.0
23/07/2025,3160.0,3160.0,0.0,0.0,3150.0,3210.0,3110.0,64818.0,203843880.0,0.0,0.0,64818.0,203843880.0,90.0,-90.0,0.0,0.0,407400.0,-407400.0,0.0,0.0
22/07/2025,3160.0,3190.0,-30.0,-0.00940439,3190.0,3200.0,3140.0,79414.0,251438800.0,0.0,0.0,79414.0,251438800.0,36609.0,-36609.0,0.0,0.0,115583800.0,-115583800.0,0.0,0.0
21/07/2025,3190.0,3140.0,50.0,0.01592357,3140.0,3250.0,3140.0,73579.0,233597750.0,0.0,0.0,73579.0,233597750.0,-35031.0,35031.0,0.0,0.0,-111389201.0,111389200.0,0.0,0.0
18/07/2025,3140.0,3150.0,-10.0,-0.0031746,3150.0,3150.0,3140.0,43304.0,136015210.0,0.0,0.0,43304.0,136015210.0,-32903.0,32906.0,-3.0,-3.0,-103326820.0,103335820.0,-9000.0,-9450.0
17/07/2025,3150.0,3150.0,0.0,0.0,3150.0,3170.0,3120.0,31602.0,99605300.0,0.0,0.0,31602.0,99605300.0,13602.0,-13602.0,0.0,0.0,42852301.0,-42852300.0,0.0,0.0
16/07/2025,3150.0,3140.0,10.0,0.00318471,3130.0,3160.0,3100.0,41136.0,128661360.0,0.0,0.0,41136.0,128661360.0,24500.0,-24500.0,0.0,0.0,76363000.0,-76363000.0,0.0,0.0
15/07/2025,3140.0,3140.0,0.0,0.0,3140.0,3150.0,3120.0,61211.0,192031390.0,0.0,0.0,61211.0,192031390.0,10394.0,-10394.0,0.0,0.0,32552310.0,-32552310.0,0.0,0.0
14/07/2025,3140.0,3130.0,10.0,0.00319489,3130.0,3140.0,3100.0,20427.0,63781800.0,0.0,0.0,20427.0,63781800.0,900.0,-900.0,0.0,0.0,2870000.0,-2870000.0,0.0,0.0
11/07/2025,3130.0,3130.0,0.0,0.0,3140.0,3170.0,3100.0,29516.0,92701490.0,0.0,0.0,29516.0,92701490.0,-1786.0,1786.0,0.0,0.0,-5427190.0,5427190.0,0.0,0.0
10/07/2025,3130.0,3120.0,10.0,0.00320513,3120.0,3160.0,3120.0,89518.0,280249850.0,0.0,0.0,89518.0,280249850.0,-15808.0,15808.0,0.0,0.0,-49896200.0,49896200.0,0.0,0.0
09/07/2025,3120.0,3050.0,70.0,0.02295082,3050.0,3160.0,3050.0,71515.0,222506800.0,0.0,0.0,71515.0,222506800.0,-27699.0,27699.0,-95.0,0.0,-86582780.0,86582780.0,-284000.0,0.0
08/07/2025,3050.0,3050.0,0.0,0.0,3080.0,3090.0,3050.0,66100.0,201796000.0,0.0,0.0,66100.0,201796000.0,-30300.0,30300.0,0.0,0.0,-92482000.0,92482000.0,0.0,0.0
07/07/2025,3050.0,3050.0,0.0,0.0,3050.0,3100.0,3050.0,15400.0,47130000.0,0.0,0.0,15400.0,47130000.0,-4200.0,4200.0,0.0,0.0,-12955000.0,12955000.0,0.0,0.0
04/07/2025,3050.0,3050.0,0.0,0.0,3070.0,3090.0,3050.0,8710.0,26634900.0,0.0,0.0,8710.0,26634900.0,4500.0,-4500.0,0.0,0.0,13735000.0,-13735000.0,0.0,0.0
03/07/2025,3050.0,3040.0,10.0,0.00328947,3000.0,3070.0,3000.0,71900.0,219362000.0,0.0,0.0,71900.0,219362000.0,48800.0,-48800.0,0.0,0.0,149166000.0,-149166000.0,0.0,0.0
02/07/2025,3040.0,3020.0,20.0,0.00662252,3030.0,3060.0,3020.0,31100.0,94342000.0,0.0,0.0,31100.0,94342000.0,22400.0,-22400.0,0.0,0.0,67904000.0,-67904000.0,0.0,0.0
01/07/2025,3020.0,3040.0,-20.0,-0.00657895,3050.0,3050.0,3000.0,22501.0,67948880.0,0.0,0.0,22501.0,67948880.0,14999.0,-15099.0,0.0,100.0,45312120.0,-45615120.0,0.0,303000.0
30/06/2025,3040.0,3040.0,0.0,0.0,3030.0,3050.0,3000.0,8900.0,26957000.0,0.0,0.0,8900.0,26957000.0,3300.0,-3300.0,0.0,0.0,9981000.0,-9981000.0,0.0,0.0
27/06/2025,3040.0,3050.0,-10.0,-0.00327869,3040.0,3070.0,3020.0,45000.0,136341000.0,0.0,0.0,45000.0,136341000.0,28700.0,-28700.0,0.0,0.0,86977000.0,-86977000.0,0.0,0.0
26/06/2025,3050.0,3050.0,0.0,0.0,3080.0,3080.0,3030.0,2642.0,8050460.0,0.0,0.0,2642.0,8050460.0,829.0,-829.0,0.0,0.0,2530421.0,-2530420.0,0.0,0.0
25/06/2025,3050.0,3050.0,0.0,0.0,3050.0,3050.0,3030.0,3300.0,10019000.0,0.0,0.0,3300.0,10019000.0,700.0,-700.0,0.0,0.0,2125000.0,-2125000.0,0.0,0.0
24/06/2025,3050.0,3030.0,20.0,0.00660066,3100.0,3100.0,3030.0,8266.0,25083740.0,0.0,0.0,8266.0,25083740.0,3534.0,-3534.0,0.0,0.0,10688260.0,-10688260.0,0.0,0.0
23/06/2025,3030.0,3030.0,0.0,0.0,3030.0,3160.0,3030.0,30607.0,92967230.0,0.0,0.0,30607.0,92967230.0,-5105.0,5105.0,0.0,0.0,-15466969.0,15466970.0,0.0,0.0
20/06/2025,3030.0,3040.0,-10.0,-0.00328947,3040.0,3160.0,3000.0,23800.0,72168000.0,0.0,0.0,23800.0,72168000.0,-4200.0,4200.0,0.0,0.0,-12831000.0,12831000.0,0.0,0.0
19/06/2025,3040.0,3040.0,0.0,0.0,3020.0,3040.0,2900.0,44301.0,133526190.0,0.0,0.0,44301.0,133526190.0,28800.0,-28800.0,0.0,0.0,87028000.0,-87028000.0,0.0,0.0
18/06/2025,3040.0,3030.0,10.0,0.00330033,3040.0,3050.0,3020.0,79510.0,240623400.0,0.0,0.0,79510.0,240623400.0,67710.0,-67710.0,0.0,0.0,204837400.0,-204837400.0,0.0,0.0
17/06/2025,3030.0,3030.0,0.0,0.0,3030.0,3030.0,3020.0,26218.0,79198540.0,0.0,0.0,26218.0,79198540.0,13500.0,-13500.0,0.0,0.0,40757000.0,-40757000.0,0.0,0.0
16/06/2025,3030.0,3030.0,0.0,0.0,3070.0,3070.0,3020.0,54520.0,164929800.0,0.0,0.0,54520.0,164929800.0,32510.0,-32510.0,0.0,0.0,98098400.0,-98098400.0,0.0,0.0
13/06/2025,3030.0,3040.0,-10.0,-0.00328947,3020.0,3080.0,2990.0,126001.0,379328040.0,0.0,0.0,126001.0,379328040.0,101099.0,-101099.0,0.0,0.0,304457960.0,-304457960.0,0.0,0.0
12/06/2025,3040.0,3050.0,-10.0,-0.00327869,3130.0,3130.0,3040.0,11439.0,34879560.0,0.0,0.0,11439.0,34879560.0,4661.0,-4661.0,0.0,0.0,14089440.0,-14089440.0,0.0,0.0
11/06/2025,3050.0,3070.0,-20.0,-0.00651466,3050.0,3060.0,3020.0,23830.0,72170780.0,0.0,0.0,23830.0,72170780.0,13000.0,-13000.0,0.0,0.0,39316000.0,-39316000.0,0.0,0.0
10/06/2025,3070.0,3070.0,0.0,0.0,3090.0,3090.0,3010.0,18310.0,55477500.0,0.0,0.0,18310.0,55477500.0,16890.0,-16890.0,0.0,0.0,51159500.0,-51159500.0,0.0,0.0
09/06/2025,3070.0,3070.0,0.0,0.0,2970.0,3080.0,2970.0,38270.0,114896790.0,0.0,0.0,38270.0,114896790.0,36681.0,-36681.0,0.0,0.0,110084291.0,-110084290.0,0.0,0.0
06/06/2025,3070.0,3100.0,-30.0,-0.00967742,3110.0,3110.0,3000.0,41800.0,128296000.0,0.0,0.0,41800.0,128296000.0,36500.0,-36500.0,0.0,0.0,111963000.0,-111963000.0,0.0,0.0
05/06/2025,3100.0,3100.0,0.0,0.0,3100.0,3100.0,3070.0,6806.0,20963590.0,0.0,0.0,6806.0,20963590.0,1199.0,-1199.0,0.0,0.0,3675910.0,-3675910.0,0.0,0.0
04/06/2025,3100.0,3120.0,-20.0,-0.00641026,3120.0,3130.0,3070.0,32908.0,101668880.0,0.0,0.0,32908.0,101668880.0,27700.0,-27800.0,0.0,100.0,85538001.0,-85849000.0,0.0,311000.0
03/06/2025,3120.0,3110.0,10.0,0.00321543,3110.0,3120.0,3080.0,62591.0,192867340.0,0.0,0.0,62591.0,192867340.0,46222.0,-46222.0,0.0,0.0,142326201.0,-142326200.0,0.0,0.0
02/06/2025,3110.0,3110.0,0.0,0.0,3100.0,3120.0,3100.0,9700.0,30170000.0,0.0,0.0,9700.0,30170000.0,-2200.0,2200.0,0.0,0.0,-6841000.0,6841000.0,0.0,0.0
30/05/2025,3110.0,3130.0,-20.0,-0.00638978,3100.0,3140.0,3080.0,13920.0,43155800.0,0.0,0.0,13920.0,43155800.0,3010.0,-3010.0,0.0,0.0,9218400.0,-9218400.0,0.0,0.0
29/05/2025,3130.0,3140.0,-10.0,-0.00318471,3180.0,3200.0,3100.0,15017.0,46646210.0,0.0,0.0,15017.0,46646210.0,-106.0,106.0,0.0,0.0,-282360.0,282360.0,0.0,0.0
28/05/2025,3140.0,3160.0,-20.0,-0.00632911,3190.0,3190.0,3080.0,131710.0,408010900.0,0.0,0.0,131710.0,408010900.0,78210.0,-78210.0,0.0,0.0,242738901.0,-242738900.0,0.0,0.0
27/05/2025,3160.0,3090.0,70.0,0.02265372,3270.0,3270.0,3090.0,23001.0,72013110.0,0.0,0.0,23001.0,72013110.0,10100.0,-10100.0,0.0,0.0,31069000.0,-31069000.0,0.0,0.0
26/05/2025,3090.0,3080.0,10.0,0.00324675,3090.0,3090.0,3020.0,23405.0,71879390.0,0.0,0.0,23405.0,71879390.0,-513.0,513.0,0.0,0.0,-1906041.0,1906040.0,0.0,0.0
23/05/2025,3080.0,3100.0,-20.0,-0.00645161,3030.0,3100.0,3020.0,5201.0,15761100.0,0.0,0.0,5201.0,15761100.0,3600.0,-3600.0,0.0,0.0,10907001.0,-10907000.0,0.0,0.0
22/05/2025,3100.0,3090.0,10.0,0.00323625,3050.0,3140.0,3050.0,11478.0,35508920.0,0.0,0.0,11478.0,35508920.0,-9553.0,9553.0,-55.0,0.0,-29568290.0,29568290.0,-164000.0,0.0
21/05/2025,3090.0,3100.0,-10.0,-0.00322581,3150.0,3150.0,3060.0,17300.0,53532000.0,0.0,0.0,17300.0,53532000.0,-10100.0,10100.0,0.0,0.0,-31278000.0,31278000.0,0.0,0.0
20/05/2025,3100.0,3090.0,10.0,0.00323625,3070.0,3150.0,3060.0,10802.0,33376200.0,0.0,0.0,10802.0,33376200.0,1500.0,-1500.0,0.0,0.0,4618000.0,-4618000.0,0.0,0.0
19/05/2025,3090.0,3100.0,-10.0,-0.00322581,3100.0,3100.0,3030.0,8500.0,26243000.0,0.0,0.0,8500.0,26243000.0,6900.0,-6900.0,0.0,0.0,21297000.0,-21297000.0,0.0,0.0
16/05/2025,3100.0,3100.0,0.0,0.0,3060.0,3110.0,3060.0,14725.0,45679750.0,0.0,0.0,14725.0,45679750.0,-4720.0,4720.0,0.0,0.0,-14599200.0,14599200.0,0.0,0.0
15/05/2025,3100.0,3090.0,10.0,0.00323625,3080.0,3110.0,3020.0,48776.0,150848960.0,0.0,0.0,48776.0,150848960.0,-31987.0,31987.0,0.0,0.0,-99206710.0,99206710.0,0.0,0.0
14/05/2025,3090.0,3080.0,10.0,0.00324675,3070.0,3100.0,3000.0,47500.0,146220000.0,0.0,0.0,47500.0,146220000.0,-27900.0,27900.0,0.0,0.0,-86337000.0,86337000.0,0.0,0.0
13/05/2025,3080.0,3060.0,20.0,0.00653595,3060.0,3090.0,3040.0,29739.0,91423540.0,0.0,0.0,29739.0,91423540.0,1796.0,-1796.0,0.0,0.0,5539820.0,-5539820.0,0.0,0.0
12/05/2025,3060.0,3040.0,20.0,0.00657895,3040.0,3060.0,3000.0,900.0,2734000.0,0.0,0.0,900.0,2734000.0,-100.0,100.0,0.0,0.0,-305000.0,305000.0,0.0,0.0
09/05/2025,3040.0,3070.0,-30.0,-0.00977199,3070.0,3070.0,2960.0,12847.0,38762890.0,0.0,0.0,12847.0,38762890.0,-1439.0,1439.0,0.0,0.0,-4454330.0,4454330.0,0.0,0.0
08/05/2025,3070.0,3030.0,40.0,0.01320132,3030.0,3080.0,2950.0,29300.0,88608000.0,0.0,0.0,29300.0,88608000.0,7500.0,-7500.0,0.0,0.0,22638000.0,-22638000.0,0.0,0.0
07/05/2025,3030.0,3000.0,30.0,0.01,2990.0,3030.0,2990.0,12300.0,36956000.0,0.0,0.0,12300.0,36956000.0,-3000.0,3000.0,0.0,0.0,-8989000.0,8989000.0,0.0,0.0
06/05/2025,3000.0,2990.0,10.0,0.00334448,2990.0,3040.0,2970.0,16004.0,47904720.0,0.0,0.0,16004.0,47904720.0,3700.0,-3700.0,0.0,0.0,11108000.0,-11108000.0,0.0,0.0
05/05/2025,2990.0,3010.0,-20.0,-0.00664452,3100.0,3100.0,2920.0,14700.0,43196000.0,0.0,0.0,14700.0,43196000.0,11900.0,-11900.0,0.0,0.0,34833000.0,-34833000.0,0.0,0.0
29/04/2025,3010.0,3000.0,10.0,0.00333333,2930.0,3010.0,2920.0,14000.0,41830000.0,0.0,0.0,14000.0,41830000.0,0.0,0.0,0.0,0.0,0.0,0.0,0.0,0.0
28/04/2025,3000.0,3000.0,0.0,0.0,2950.0,3030.0,2950.0,13716.0,41096000.0,0.0,0.0,13716.0,41096000.0,300.0,0.0,0.0,-300.0,885000.0,0.0,0.0,-885000.0
25/04/2025,3000.0,2990.0,10.0,0.00334448,2990.0,3000.0,2820.0,24400.0,72115000.0,0.0,0.0,24400.0,72115000.0,0.0,0.0,0.0,0.0,0.0,0.0,0.0,0.0
24/04/2025,2990.0,2970.0,20.0,0.00673401,2970.0,3040.0,2960.0,12414.0,37197000.0,0.0,0.0,12414.0,37197000.0,0.0,0.0,0.0,0.0,0.0,0.0,0.0,0.0
23/04/2025,2970.0,3010.0,-40.0,-0.01328904,2930.0,3000.0,2930.0,8401.0,24929000.0,0.0,0.0,8401.0,24929000.0,0.0,0.0,0.0,0.0,0.0,0.0,0.0,0.0
22/04/2025,3010.0,3040.0,-30.0,-0.00986842,2950.0,3040.0,2920.0,15501.0,45491040.0,0.0,0.0,15501.0,45491040.0,0.0,0.0,0.0,0.0,0.0,0.0,0.0,0.0
21/04/2025,3040.0,2950.0,90.0,0.03050847,3070.0,3070.0,2910.0,14915.0,44378170.0,0.0,0.0,14915.0,44378170.0,0.0,0.0,0.0,0.0,0.0,0.0,0.0,0.0
18/04/2025,2950.0,3150.0,-200.0,-0.06349206,2980.0,3140.0,2940.0,60611.0,179071250.0,0.0,0.0,60611.0,179071250.0,0.0,0.0,0.0,0.0,0.0,0.0,0.0,0.0
17/04/2025,3150.0,3130.0,20.0,0.00638978,3200.0,3200.0,2940.0,700.0,2150000.0,0.0,0.0,700.0,2150000.0,0.0,0.0,0.0,0.0,0.0,0.0,0.0,0.0
16/04/2025,3130.0,3080.0,50.0,0.01623377,2910.0,3200.0,2910.0,1800.0,5442000.0,0.0,0.0,1800.0,5442000.0,0.0,0.0,0.0,0.0,0.0,0.0,0.0,0.0
15/04/2025,3080.0,3080.0,0.0,0.0,3090.0,3090.0,3070.0,2700.0,8314000.0,0.0,0.0,2700.0,8314000.0,0.0,0.0,0.0,0.0,0.0,0.0,0.0,0.0
14/04/2025,3080.0,3160.0,-80.0,-0.02531646,3120.0,3150.0,3010.0,10271.0,31310490.0,0.0,0.0,10271.0,31310490.0,0.0,0.0,0.0,0.0,0.0,0.0,0.0,0.0
11/04/2025,3160.0,3020.0,140.0,0.04635762,3210.0,3220.0,3020.0,4251.0,13252020.0,0.0,0.0,4251.0,13252020.0,0.0,0.0,0.0,0.0,0.0,0.0,0.0,0.0
10/04/2025,3020.0,2830.0,190.0,0.06713781,3020.0,3020.0,3020.0,9207.0,27805140.0,0.0,0.0,9207.0,27805140.0,0.0,0.0,0.0,0.0,0.0,0.0,0.0,0.0
09/04/2025,2830.0,2990.0,-160.0,-0.05351171,3090.0,3090.0,2810.0,20106.0,58022590.0,0.0,0.0,20106.0,58022590.0,0.0,0.0,0.0,0.0,0.0,0.0,0.0,0.0
08/04/2025,2990.0,3150.0,-160.0,-0.05079365,3010.0,3090.0,2930.0,30324.0,89441200.0,0.0,0.0,30324.0,89441200.0,0.0,0.0,0.0,0.0,0.0,0.0,0.0,0.0
04/04/2025,3150.0,3240.0,-90.0,-0.02777778,3200.0,3230.0,3020.0,50787.0,155070160.0,0.0,0.0,50787.0,155070160.0,0.0,0.0,0.0,0.0,0.0,0.0,0.0,0.0
03/04/2025,3240.0,3340.0,-100.0,-0.02994012,3310.0,3310.0,3170.0,40207.0,129055960.0,0.0,0.0,40207.0,129055960.0,0.0,0.0,0.0,0.0,0.0,0.0,0.0,0.0
02/04/2025,3340.0,3320.0,20.0,0.0060241,3300.0,3340.0,3300.0,7800.0,25926000.0,0.0,0.0,7800.0,25926000.0,0.0,0.0,0.0,0.0,0.0,0.0,0.0,0.0
01/04/2025,3320.0,3320.0,0.0,0.0,3300.0,3320.0,3290.0,18146.0,59869120.0,0.0,0.0,18146.0,59869120.0,0.0,0.0,0.0,0.0,0.0,0.0,0.0,0.0
31/03/2025,3320.0,3300.0,20.0,0.00606061,3320.0,3320.0,3270.0,11903.0,38981130.0,0.0,0.0,11903.0,38981130.0,0.0,0.0,0.0,0.0,0.0,0.0,0.0,0.0
28/03/2025,3300.0,3330.0,-30.0,-0.00900901,3270.0,3320.0,3270.0,4303.0,14154960.0,0.0,0.0,4303.0,14154960.0,0.0,0.0,0.0,0.0,0.0,0.0,0.0,0.0
27/03/2025,3330.0,3330.0,0.0,0.0,3300.0,3330.0,3300.0,1902.0,6299660.0,0.0,0.0,1902.0,6299660.0,0.0,0.0,0.0,0.0,0.0,0.0,0.0,0.0
26/03/2025,3330.0,3320.0,10.0,0.00301205,3280.0,3330.0,3280.0,43200.0,142382000.0,0.0,0.0,43200.0,142382000.0,0.0,0.0,0.0,0.0,0.0,0.0,0.0,0.0
25/03/2025,3320.0,3320.0,0.0,0.0,3330.0,3330.0,3290.0,29800.0,98408000.0,0.0,0.0,29800.0,98408000.0,0.0,0.0,0.0,0.0,0.0,0.0,0.0,0.0
24/03/2025,3320.0,3320.0,0.0,0.0,3330.0,3330.0,3300.0,2700.0,8945000.0,0.0,0.0,2700.0,8945000.0,0.0,0.0,0.0,0.0,0.0,0.0,0.0,0.0
21/03/2025,3320.0,3300.0,20.0,0.00606061,3310.0,3320.0,3300.0,31400.0,103745000.0,0.0,0.0,31400.0,103745000.0,0.0,0.0,0.0,0.0,0.0,0.0,0.0,0.0
20/03/2025,3300.0,3330.0,-30.0,-0.00900901,3330.0,3330.0,3300.0,7200.0,23804000.0,0.0,0.0,7200.0,23804000.0,0.0,0.0,0.0,0.0,0.0,0.0,0.0,0.0
19/03/2025,3330.0,3300.0,30.0,0.00909091,3310.0,3330.0,3300.0,35000.0,115716000.0,0.0,0.0,35000.0,115716000.0,0.0,0.0,0.0,0.0,0.0,0.0,0.0,0.0
18/03/2025,3300.0,3320.0,-20.0,-0.0060241,3320.0,3330.0,3300.0,34105.0,112608550.0,0.0,0.0,34105.0,112608550.0,0.0,0.0,0.0,0.0,0.0,0.0,0.0,0.0
17/03/2025,3320.0,3320.0,0.0,0.0,3260.0,3320.0,3260.0,16806.0,55344920.0,0.0,0.0,16806.0,55344920.0,0.0,0.0,0.0,0.0,0.0,0.0,0.0,0.0
14/03/2025,3320.0,3320.0,0.0,0.0,3260.0,3330.0,3250.0,54251.0,178631320.0,0.0,0.0,54251.0,178631320.0,0.0,0.0,0.0,0.0,0.0,0.0,0.0,0.0
13/03/2025,3320.0,3320.0,0.0,0.0,3330.0,3330.0,3300.0,14300.0,47261000.0,0.0,0.0,14300.0,47261000.0,0.0,0.0,0.0,0.0,0.0,0.0,0.0,0.0
12/03/2025,3320.0,3320.0,0.0,0.0,3280.0,3320.0,3280.0,24900.0,81986000.0,0.0,0.0,24900.0,81986000.0,0.0,0.0,0.0,0.0,0.0,0.0,0.0,0.0
11/03/2025,3320.0,3320.0,0.0,0.0,3310.0,3330.0,3270.0,79800.0,262645000.0,0.0,0.0,79800.0,262645000.0,0.0,0.0,0.0,0.0,0.0,0.0,0.0,0.0
10/03/2025,3320.0,3320.0,0.0,0.0,3250.0,3320.0,3250.0,14404.0,47439140.0,0.0,0.0,14404.0,47439140.0,0.0,0.0,0.0,0.0,0.0,0.0,0.0,0.0
07/03/2025,3320.0,3320.0,0.0,0.0,3320.0,3340.0,3270.0,15161.0,50069520.0,0.0,0.0,15161.0,50069520.0,0.0,0.0,0.0,0.0,0.0,0.0,0.0,0.0
06/03/2025,3320.0,3350.0,-30.0,-0.00895522,3260.0,3380.0,3260.0,13101.0,43178350.0,0.0,0.0,13101.0,43178350.0,0.0,0.0,0.0,0.0,0.0,0.0,0.0,0.0
05/03/2025,3350.0,3350.0,0.0,0.0,3350.0,3350.0,3340.0,1547.0,5178450.0,0.0,0.0,1547.0,5178450.0,0.0,0.0,0.0,0.0,0.0,0.0,0.0,0.0
04/03/2025,3350.0,3390.0,-40.0,-0.01179941,3270.0,3400.0,3270.0,46738.0,154297760.0,200000.0,632000000.0,246738.0,786297760.0,0.0,0.0,0.0,0.0,0.0,0.0,0.0,0.0
03/03/2025,3390.0,3400.0,-10.0,-0.00294118,3400.0,3400.0,3350.0,6115.0,20654000.0,0.0,0.0,6115.0,20654000.0,2600.0,-2600.0,0.0,0.0,8755000.0,-8755000.0,0.0,0.0
28/02/2025,3400.0,3410.0,-10.0,-0.00293255,3410.0,3420.0,3370.0,15115.0,51399150.0,0.0,0.0,15115.0,51399150.0,0.0,0.0,0.0,0.0,0.0,0.0,0.0,0.0
27/02/2025,3410.0,3420.0,-10.0,-0.00292398,3440.0,3440.0,3380.0,3500.0,11884000.0,0.0,0.0,3500.0,11884000.0,0.0,0.0,0.0,0.0,0.0,0.0,0.0,0.0
26/02/2025,3420.0,3420.0,0.0,0.0,3350.0,3420.0,3350.0,7500.0,25433000.0,0.0,0.0,7500.0,25433000.0,0.0,0.0,0.0,0.0,0.0,0.0,0.0,0.0
25/02/2025,3420.0,3420.0,0.0,0.0,3400.0,3420.0,3400.0,32502.0,110843840.0,0.0,0.0,32502.0,110843840.0,2400.0,-2400.0,0.0,0.0,8208000.0,-8208000.0,0.0,0.0
24/02/2025,3420.0,3400.0,20.0,0.00588235,3400.0,3420.0,3370.0,12251.0,41636450.0,0.0,0.0,12251.0,41636450.0,0.0,0.0,0.0,0.0,0.0,0.0,0.0,0.0
21/02/2025,3400.0,3470.0,-70.0,-0.02017291,3470.0,3480.0,3400.0,89200.0,304087000.0,0.0,0.0,89200.0,304087000.0,0.0,0.0,0.0,0.0,0.0,0.0,0.0,0.0
20/02/2025,3470.0,3450.0,20.0,0.0057971,3450.0,3510.0,3430.0,31950.0,110596930.0,0.0,0.0,31950.0,110596930.0,0.0,0.0,0.0,0.0,0.0,0.0,0.0,0.0
19/02/2025,3450.0,3400.0,50.0,0.01470588,3400.0,3460.0,3390.0,85432.0,291973980.0,0.0,0.0,85432.0,291973980.0,0.0,0.0,0.0,0.0,0.0,0.0,0.0,0.0
18/02/2025,3400.0,3420.0,-20.0,-0.00584795,3430.0,3450.0,3390.0,39000.0,133135000.0,0.0,0.0,39000.0,133135000.0,0.0,0.0,0.0,0.0,0.0,0.0,0.0,0.0
17/02/2025,3420.0,3420.0,0.0,0.0,3420.0,3470.0,3420.0,65381.0,224875650.0,0.0,0.0,65381.0,224875650.0,-5000.0,5000.0,0.0,0.0,-17250000.0,17250000.0,0.0,0.0
14/02/2025,3420.0,3340.0,80.0,0.0239521,3340.0,3440.0,3300.0,109815.0,370477180.0,0.0,0.0,109815.0,370477180.0,0.0,0.0,0.0,0.0,0.0,0.0,0.0,0.0
13/02/2025,3340.0,3310.0,30.0,0.00906344,3300.0,3340.0,3300.0,42303.0,140461980.0,0.0,0.0,42303.0,140461980.0,0.0,0.0,0.0,0.0,0.0,0.0,0.0,0.0
12/02/2025,3310.0,3280.0,30.0,0.00914634,3280.0,3330.0,3270.0,38200.0,125780000.0,0.0,0.0,38200.0,125780000.0,0.0,0.0,0.0,0.0,0.0,0.0,0.0,0.0
11/02/2025,3280.0,3290.0,-10.0,-0.00303951,3290.0,3300.0,3250.0,34205.0,112069750.0,0.0,0.0,34205.0,112069750.0,0.0,0.0,0.0,0.0,0.0,0.0,0.0,0.0
10/02/2025,3290.0,3290.0,0.0,0.0,3280.0,3300.0,3280.0,6900.0,22648000.0,0.0,0.0,6900.0,22648000.0,0.0,0.0,0.0,0.0,0.0,0.0,0.0,0.0
07/02/2025,3290.0,3300.0,-10.0,-0.0030303,3290.0,3300.0,3270.0,46735.0,153382790.0,0.0,0.0,46735.0,153382790.0,0.0,0.0,0.0,0.0,0.0,0.0,0.0,0.0
06/02/2025,3300.0,3320.0,-20.0,-0.0060241,3300.0,3320.0,3280.0,8409.0,27734220.0,0.0,0.0,8409.0,27734220.0,0.0,0.0,0.0,0.0,0.0,0.0,0.0,0.0
05/02/2025,3320.0,3320.0,0.0,0.0,3320.0,3320.0,3300.0,6810.0,22526200.0,0.0,0.0,6810.0,22526200.0,0.0,0.0,0.0,0.0,0.0,0.0,0.0,0.0
04/02/2025,3320.0,3310.0,10.0,0.00302115,3310.0,3320.0,3300.0,17820.0,58929300.0,0.0,0.0,17820.0,58929300.0,0.0,0.0,0.0,0.0,0.0,0.0,0.0,0.0
03/02/2025,3310.0,3220.0,90.0,0.02795031,3210.0,3310.0,3210.0,66602.0,218814460.0,0.0,0.0,66602.0,218814460.0,0.0,0.0,0.0,0.0,0.0,0.0,0.0,0.0
24/01/2025,3220.0,3230.0,-10.0,-0.00309598,3210.0,3240.0,3190.0,16100.0,51693000.0,0.0,0.0,16100.0,51693000.0,0.0,0.0,0.0,0.0,0.0,0.0,0.0,0.0
23/01/2025,3230.0,3230.0,0.0,0.0,3240.0,3250.0,3230.0,15000.0,48462000.0,0.0,0.0,15000.0,48462000.0,0.0,0.0,0.0,0.0,0.0,0.0,0.0,0.0
22/01/2025,3230.0,3260.0,-30.0,-0.00920245,3260.0,3280.0,3220.0,4208.0,13667080.0,0.0,0.0,4208.0,13667080.0,0.0,0.0,0.0,0.0,0.0,0.0,0.0,0.0
21/01/2025,3260.0,3270.0,-10.0,-0.0030581,3270.0,3280.0,3260.0,19205.0,62780300.0,0.0,0.0,19205.0,62780300.0,0.0,0.0,0.0,0.0,0.0,0.0,0.0,0.0
20/01/2025,3270.0,3240.0,30.0,0.00925926,3230.0,3270.0,3220.0,9601.0,31210120.0,0.0,0.0,9601.0,31210120.0,0.0,0.0,0.0,0.0,0.0,0.0,0.0,0.0
17/01/2025,3240.0,3240.0,0.0,0.0,3240.0,3240.0,3210.0,9201.0,29655210.0,0.0,0.0,9201.0,29655210.0,0.0,0.0,0.0,0.0,0.0,0.0,0.0,0.0
16/01/2025,3240.0,3240.0,0.0,0.0,3240.0,3240.0,3230.0,900.0,2911000.0,0.0,0.0,900.0,2911000.0,0.0,0.0,0.0,0.0,0.0,0.0,0.0,0.0
15/01/2025,3240.0,3240.0,0.0,0.0,3230.0,3240.0,3230.0,1300.0,4203000.0,0.0,0.0,1300.0,4203000.0,0.0,0.0,0.0,0.0,0.0,0.0,0.0,0.0
14/01/2025,3240.0,3230.0,10.0,0.00309598,3240.0,3240.0,3230.0,1403.0,4538680.0,0.0,0.0,1403.0,4538680.0,0.0,0.0,0.0,0.0,0.0,0.0,0.0,0.0
13/01/2025,3230.0,3230.0,0.0,0.0,3230.0,3240.0,3210.0,8300.0,26694000.0,0.0,0.0,8300.0,26694000.0,0.0,0.0,0.0,0.0,0.0,0.0,0.0,0.0
10/01/2025,3230.0,3240.0,-10.0,-0.00308642,3200.0,3250.0,3200.0,6203.0,19986330.0,0.0,0.0,6203.0,19986330.0,0.0,0.0,0.0,0.0,0.0,0.0,0.0,0.0
09/01/2025,3240.0,3240.0,0.0,0.0,3240.0,3250.0,3220.0,8005.0,25948050.0,0.0,0.0,8005.0,25948050.0,0.0,0.0,0.0,0.0,0.0,0.0,0.0,0.0
08/01/2025,3240.0,3240.0,0.0,0.0,3240.0,3240.0,3240.0,0.0,0.0,0.0,0.0,0.0,0.0,0.0,0.0,0.0,0.0,0.0,0.0,0.0,0.0
07/01/2025,3240.0,3230.0,10.0,0.00309598,3230.0,3240.0,3200.0,26005.0,83429140.0,0.0,0.0,26005.0,83429140.0,0.0,0.0,0.0,0.0,0.0,0.0,0.0,0.0
06/01/2025,3230.0,3230.0,0.0,0.0,3240.0,3240.0,3200.0,18315.0,58687300.0,0.0,0.0,18315.0,58687300.0,0.0,0.0,0.0,0.0,0.0,0.0,0.0,0.0
03/01/2025,3230.0,3240.0,-10.0,-0.00308642,3240.0,3250.0,3200.0,3302.0,10617480.0,0.0,0.0,3302.0,10617480.0,0.0,0.0,0.0,0.0,0.0,0.0,0.0,0.0
02/01/2025,3240.0,3250.0,-10.0,-0.00307692,3250.0,3250.0,3210.0,6127.0,19760900.0,0.0,0.0,6127.0,19760900.0,0.0,0.0,0.0,0.0,0.0,0.0,0.0,0.0
31/12/2024,3250.0,3280.0,-30.0,-0.00914634,3270.0,3290.0,3240.0,1404.0,4572160.0,0.0,0.0,1404.0,4572160.0,0.0,0.0,0.0,0.0,0.0,0.0,0.0,0.0
30/12/2024,3280.0,3250.0,30.0,0.00923077,3250.0,3340.0,3250.0,18910.0,61693800.0,0.0,0.0,18910.0,61693800.0,0.0,0.0,0.0,0.0,0.0,0.0,0.0,0.0
27/12/2024,3250.0,3240.0,10.0,0.00308642,3240.0,3250.0,3200.0,7101.0,22962240.0,0.0,0.0,7101.0,22962240.0,0.0,0.0,0.0,0.0,0.0,0.0,0.0,0.0
26/12/2024,3240.0,3250.0,-10.0,-0.00307692,3230.0,3250.0,3220.0,5650.0,18277280.0,0.0,0.0,5650.0,18277280.0,0.0,0.0,0.0,0.0,0.0,0.0,0.0,0.0
25/12/2024,3250.0,3240.0,10.0,0.00308642,3210.0,3250.0,3210.0,55231.0,177867020.0,0.0,0.0,55231.0,177867020.0,42800.0,0.0,0.0,-42800.0,137816001.0,0.0,0.0,-137816000.0
24/12/2024,3240.0,3240.0,0.0,0.0,3240.0,3240.0,3200.0,1915.0,6160450.0,0.0,0.0,1915.0,6160450.0,0.0,0.0,0.0,0.0,0.0,0.0,0.0,0.0
23/12/2024,3240.0,3230.0,10.0,0.00309598,3220.0,3240.0,3220.0,2741.0,8844230.0,0.0,0.0,2741.0,8844230.0,0.0,0.0,0.0,0.0,0.0,0.0,0.0,0.0
20/12/2024,3230.0,3220.0,10.0,0.00310559,3180.0,3230.0,3180.0,9416.0,30161540.0,0.0,0.0,9416.0,30161540.0,0.0,0.0,0.0,0.0,0.0,0.0,0.0,0.0
19/12/2024,3220.0,3240.0,-20.0,-0.00617284,3220.0,3240.0,3190.0,8823.0,28294060.0,0.0,0.0,8823.0,28294060.0,0.0,0.0,0.0,0.0,0.0,0.0,0.0,0.0
18/12/2024,3240.0,3240.0,0.0,0.0,3200.0,3240.0,3200.0,600.0,1929000.0,0.0,0.0,600.0,1929000.0,0.0,0.0,0.0,0.0,0.0,0.0,0.0,0.0
17/12/2024,3240.0,3240.0,0.0,0.0,3230.0,3240.0,3200.0,900.0,2906000.0,0.0,0.0,900.0,2906000.0,0.0,0.0,0.0,0.0,0.0,0.0,0.0,0.0
16/12/2024,3240.0,3240.0,0.0,0.0,3220.0,3240.0,3220.0,4901.0,15788240.0,0.0,0.0,4901.0,15788240.0,0.0,0.0,0.0,0.0,0.0,0.0,0.0,0.0
13/12/2024,3240.0,3240.0,0.0,0.0,3240.0,3240.0,3220.0,2705.0,8736100.0,0.0,0.0,2705.0,8736100.0,0.0,0.0,0.0,0.0,0.0,0.0,0.0,0.0
12/12/2024,3240.0,3240.0,0.0,0.0,3230.0,3240.0,3210.0,2542.0,8226080.0,0.0,0.0,2542.0,8226080.0,0.0,0.0,0.0,0.0,0.0,0.0,0.0,0.0
11/12/2024,3240.0,3240.0,0.0,0.0,3240.0,3240.0,3210.0,13105.0,42184200.0,0.0,0.0,13105.0,42184200.0,0.0,0.0,0.0,0.0,0.0,0.0,0.0,0.0
10/12/2024,3240.0,3240.0,0.0,0.0,3240.0,3250.0,3210.0,12403.0,40021750.0,0.0,0.0,12403.0,40021750.0,0.0,0.0,0.0,0.0,0.0,0.0,0.0,0.0
09/12/2024,3240.0,3230.0,10.0,0.00309598,3220.0,3240.0,3220.0,4708.0,15195400.0,0.0,0.0,4708.0,15195400.0,0.0,0.0,0.0,0.0,0.0,0.0,0.0,0.0
06/12/2024,3230.0,3230.0,0.0,0.0,3230.0,3240.0,3210.0,17101.0,55039240.0,0.0,0.0,17101.0,55039240.0,3000.0,0.0,0.0,-3000.0,9690000.0,0.0,0.0,-9690000.0
05/12/2024,3230.0,3230.0,0.0,0.0,3240.0,3240.0,3200.0,8000.0,25810000.0,0.0,0.0,8000.0,25810000.0,0.0,0.0,0.0,0.0,0.0,0.0,0.0,0.0
04/12/2024,3230.0,3220.0,10.0,0.00310559,3220.0,3230.0,3180.0,6700.0,21419000.0,0.0,0.0,6700.0,21419000.0,0.0,0.0,0.0,0.0,0.0,0.0,0.0,0.0
03/12/2024,3220.0,3220.0,0.0,0.0,3210.0,3230.0,3160.0,14600.0,46533000.0,0.0,0.0,14600.0,46533000.0,0.0,0.0,0.0,0.0,0.0,0.0,0.0,0.0
02/12/2024,3220.0,3200.0,20.0,0.00625,3160.0,3220.0,3150.0,19301.0,61380390.0,0.0,0.0,19301.0,61380390.0,0.0,0.0,0.0,0.0,0.0,0.0,0.0,0.0
29/11/2024,3200.0,3200.0,0.0,0.0,3210.0,3210.0,3150.0,12000.0,38072000.0,0.0,0.0,12000.0,38072000.0,0.0,0.0,0.0,0.0,0.0,0.0,0.0,0.0
28/11/2024,3200.0,3200.0,0.0,0.0,3200.0,3220.0,3180.0,16400.0,52285000.0,0.0,0.0,16400.0,52285000.0,0.0,0.0,0.0,0.0,0.0,0.0,0.0,0.0
27/11/2024,3200.0,3210.0,-10.0,-0.00311526,3200.0,3200.0,3200.0,801.0,2563080.0,0.0,0.0,801.0,2563080.0,0.0,0.0,0.0,0.0,0.0,0.0,0.0,0.0
26/11/2024,3210.0,3220.0,-10.0,-0.00310559,3230.0,3230.0,3180.0,44100.0,140639000.0,0.0,0.0,44100.0,140639000.0,0.0,0.0,0.0,0.0,0.0,0.0,0.0,0.0
25/11/2024,3220.0,3220.0,0.0,0.0,3220.0,3230.0,3190.0,2800.0,8991000.0,0.0,0.0,2800.0,8991000.0,0.0,0.0,0.0,0.0,0.0,0.0,0.0,0.0
22/11/2024,3220.0,3220.0,0.0,0.0,3220.0,3230.0,3190.0,3521.0,11286830.0,0.0,0.0,3521.0,11286830.0,0.0,0.0,0.0,0.0,0.0,0.0,0.0,0.0
21/11/2024,3220.0,3220.0,0.0,0.0,3230.0,3230.0,3200.0,3800.0,12230000.0,0.0,0.0,3800.0,12230000.0,0.0,0.0,0.0,0.0,0.0,0.0,0.0,0.0
20/11/2024,3220.0,3200.0,20.0,0.00625,3230.0,3230.0,3160.0,28104.0,90053880.0,0.0,0.0,28104.0,90053880.0,0.0,0.0,0.0,0.0,0.0,0.0,0.0,0.0
19/11/2024,3200.0,3230.0,-30.0,-0.00928793,3240.0,3240.0,3200.0,19000.0,61258000.0,0.0,0.0,19000.0,61258000.0,0.0,0.0,0.0,0.0,0.0,0.0,0.0,0.0
18/11/2024,3230.0,3230.0,0.0,0.0,3240.0,3240.0,3220.0,22000.0,71060000.0,0.0,0.0,22000.0,71060000.0,0.0,0.0,0.0,0.0,0.0,0.0,0.0,0.0
15/11/2024,3230.0,3220.0,10.0,0.00310559,3220.0,3230.0,3190.0,13510.0,43355620.0,0.0,0.0,13510.0,43355620.0,0.0,0.0,0.0,0.0,0.0,0.0,0.0,0.0
14/11/2024,3220.0,3210.0,10.0,0.00311526,3260.0,3260.0,3200.0,8700.0,27859000.0,0.0,0.0,8700.0,27859000.0,0.0,0.0,0.0,0.0,0.0,0.0,0.0,0.0
13/11/2024,3210.0,3220.0,-10.0,-0.00310559,3190.0,3230.0,3170.0,11332.0,36160480.0,0.0,0.0,11332.0,36160480.0,0.0,0.0,0.0,0.0,0.0,0.0,0.0,0.0
12/11/2024,3220.0,3230.0,-10.0,-0.00309598,3200.0,3230.0,3200.0,11501.0,36850220.0,0.0,0.0,11501.0,36850220.0,0.0,0.0,0.0,0.0,0.0,0.0,0.0,0.0
11/11/2024,3230.0,3230.0,0.0,0.0,3230.0,3230.0,3210.0,1300.0,4186000.0,0.0,0.0,1300.0,4186000.0,0.0,0.0,0.0,0.0,0.0,0.0,0.0,0.0
08/11/2024,3230.0,3230.0,0.0,0.0,3230.0,3240.0,3200.0,9125.0,29382200.0,0.0,0.0,9125.0,29382200.0,0.0,0.0,0.0,0.0,0.0,0.0,0.0,0.0
07/11/2024,3230.0,3230.0,0.0,0.0,3230.0,3240.0,3220.0,16283.0,52588420.0,0.0,0.0,16283.0,52588420.0,0.0,0.0,0.0,0.0,0.0,0.0,0.0,0.0
06/11/2024,3230.0,3220.0,10.0,0.00310559,3230.0,3240.0,3200.0,9926.0,31924310.0,0.0,0.0,9926.0,31924310.0,0.0,0.0,0.0,0.0,0.0,0.0,0.0,0.0
05/11/2024,3220.0,3220.0,0.0,0.0,3240.0,3240.0,3190.0,4001.0,12827370.0,0.0,0.0,4001.0,12827370.0,0.0,0.0,0.0,0.0,0.0,0.0,0.0,0.0
04/11/2024,3220.0,3220.0,0.0,0.0,3220.0,3230.0,3180.0,28800.0,91910000.0,0.0,0.0,28800.0,91910000.0,0.0,0.0,0.0,0.0,0.0,0.0,0.0,0.0
01/11/2024,3220.0,3200.0,20.0,0.00625,3200.0,3240.0,3190.0,16604.0,53186800.0,0.0,0.0,16604.0,53186800.0,0.0,0.0,0.0,0.0,0.0,0.0,0.0,0.0
31/10/2024,3200.0,3220.0,-20.0,-0.00621118,3200.0,3230.0,3190.0,7830.0,25062900.0,0.0,0.0,7830.0,25062900.0,0.0,0.0,0.0,0.0,0.0,0.0,0.0,0.0
30/10/2024,3220.0,3240.0,-20.0,-0.00617284,3200.0,3240.0,3190.0,1800.0,5777000.0,0.0,0.0,1800.0,5777000.0,0.0,0.0,0.0,0.0,0.0,0.0,0.0,0.0
29/10/2024,3240.0,3260.0,-20.0,-0.00613497,3220.0,3260.0,3150.0,14443.0,45764190.0,0.0,0.0,14443.0,45764190.0,87.0,-87.0,-87.0,0.0,273890.0,-273890.0,-274000.0,0.0
28/10/2024,3260.0,3230.0,30.0,0.00928793,3200.0,3260.0,3200.0,7044.0,22765530.0,0.0,0.0,7044.0,22765530.0,0.0,0.0,0.0,0.0,0.0,0.0,0.0,0.0
25/10/2024,3230.0,3230.0,0.0,0.0,3220.0,3240.0,3200.0,39405.0,126534200.0,0.0,0.0,39405.0,126534200.0,0.0,0.0,0.0,0.0,0.0,0.0,0.0,0.0
24/10/2024,3230.0,3240.0,-10.0,-0.00308642,3210.0,3240.0,3210.0,9000.0,28938000.0,0.0,0.0,9000.0,28938000.0,0.0,0.0,0.0,0.0,0.0,0.0,0.0,0.0
23/10/2024,3240.0,3230.0,10.0,0.00309598,3200.0,3240.0,3200.0,19500.0,62721000.0,0.0,0.0,19500.0,62721000.0,0.0,0.0,0.0,0.0,0.0,0.0,0.0,0.0
22/10/2024,3230.0,3230.0,0.0,0.0,3230.0,3230.0,3200.0,10300.0,33126000.0,0.0,0.0,10300.0,33126000.0,0.0,0.0,0.0,0.0,0.0,0.0,0.0,0.0
21/10/2024,3230.0,3240.0,-10.0,-0.0031,3220.0,3260.0,3200.0,22600.0,72700000.0,0.0,0.0,22600.0,72700000.0,0.0,0.0,0.0,0.0,0.0,0.0,0.0,0.0
18/10/2024,3240.0,3220.0,20.0,0.00621118,3220.0,3260.0,3200.0,21900.0,70445000.0,0.0,0.0,21900.0,70445000.0,0.0,0.0,0.0,0.0,0.0,0.0,0.0,0.0
17/10/2024,3220.0,3220.0,0.0,0.0,3210.0,3220.0,3180.0,26509.0,84969980.0,0.0,0.0,26509.0,84969980.0,0.0,0.0,0.0,0.0,0.0,0.0,0.0,0.0
16/10/2024,3220.0,3220.0,0.0,0.0,3230.0,3230.0,3190.0,3120.0,10024700.0,0.0,0.0,3120.0,10024700.0,0.0,0.0,0.0,0.0,0.0,0.0,0.0,0.0
15/10/2024,3220.0,3220.0,0.0,0.0,3210.0,3230.0,3190.0,15515.0,49784150.0,0.0,0.0,15515.0,49784150.0,0.0,0.0,0.0,0.0,0.0,0.0,0.0,0.0
14/10/2024,3220.0,3210.0,10.0,0.00311526,3250.0,3250.0,3170.0,3636.0,11650930.0,0.0,0.0,3636.0,11650930.0,57.0,-57.0,-57.0,0.0,177210.0,-177210.0,-177000.0,0.0
11/10/2024,3210.0,3210.0,0.0,0.0,3210.0,3230.0,3190.0,22300.0,71386000.0,0.0,0.0,22300.0,71386000.0,0.0,0.0,0.0,0.0,0.0,0.0,0.0,0.0
10/10/2024,3210.0,3210.0,0.0,0.0,3200.0,3260.0,3180.0,17302.0,55370420.0,0.0,0.0,17302.0,55370420.0,0.0,0.0,0.0,0.0,0.0,0.0,0.0,0.0
09/10/2024,3210.0,3220.0,-10.0,-0.00310559,3220.0,3230.0,3190.0,29150.0,93624800.0,0.0,0.0,29150.0,93624800.0,0.0,0.0,0.0,0.0,0.0,0.0,0.0,0.0
08/10/2024,3220.0,3210.0,10.0,0.00311526,3010.0,3220.0,3010.0,5061.0,16206420.0,0.0,0.0,5061.0,16206420.0,0.0,0.0,0.0,0.0,0.0,0.0,0.0,0.0
07/10/2024,3210.0,3210.0,0.0,0.0,3210.0,3240.0,3210.0,15016.0,48218680.0,0.0,0.0,15016.0,48218680.0,0.0,0.0,0.0,0.0,0.0,0.0,0.0,0.0
04/10/2024,3210.0,3210.0,0.0,0.0,3250.0,3250.0,3190.0,5102.0,16331500.0,0.0,0.0,5102.0,16331500.0,0.0,0.0,0.0,0.0,0.0,0.0,0.0,0.0
03/10/2024,3210.0,3260.0,-50.0,-0.01533742,3230.0,3260.0,3190.0,52030.0,166806680.0,0.0,0.0,52030.0,166806680.0,0.0,0.0,0.0,0.0,0.0,0.0,0.0,0.0
02/10/2024,3260.0,3260.0,0.0,0.0,3260.0,3260.0,3260.0,5200.0,16952000.0,0.0,0.0,5200.0,16952000.0,0.0,0.0,0.0,0.0,0.0,0.0,0.0,0.0
01/10/2024,3260.0,3250.0,10.0,0.00307692,3290.0,3300.0,3250.0,11745.0,38269000.0,0.0,0.0,11745.0,38269000.0,300.0,-300.0,0.0,0.0,976000.0,-976000.0,0.0,0.0
30/09/2024,3250.0,3260.0,-10.0,-0.00306748,3250.0,3280.0,3240.0,20308.0,66128240.0,0.0,0.0,20308.0,66128240.0,200.0,0.0,0.0,-200.0,648000.0,0.0,0.0,-648000.0
27/09/2024,3260.0,3280.0,-20.0,-0.00609756,3240.0,3270.0,3240.0,3932.0,12781730.0,0.0,0.0,3932.0,12781730.0,0.0,0.0,0.0,0.0,0.0,0.0,0.0,0.0
26/09/2024,3280.0,3250.0,30.0,0.00923077,3250.0,3320.0,3220.0,27407.0,89398810.0,0.0,0.0,27407.0,89398810.0,0.0,0.0,0.0,0.0,0.0,0.0,0.0,0.0
25/09/2024,3250.0,3270.0,-20.0,-0.00611621,3260.0,3260.0,3230.0,9402.0,30560520.0,0.0,0.0,9402.0,30560520.0,0.0,0.0,0.0,0.0,0.0,0.0,0.0,0.0
24/09/2024,3270.0,3260.0,10.0,0.00306748,3230.0,3280.0,3210.0,9426.0,30580000.0,0.0,0.0,9426.0,30580000.0,0.0,0.0,0.0,0.0,0.0,0.0,0.0,0.0
23/09/2024,3260.0,3230.0,30.0,0.00928793,3290.0,3290.0,3230.0,13110.0,42699600.0,0.0,0.0,13110.0,42699600.0,0.0,0.0,0.0,0.0,0.0,0.0,0.0,0.0
20/09/2024,3230.0,3220.0,10.0,0.00310559,3220.0,3240.0,3200.0,54605.0,175349150.0,0.0,0.0,54605.0,175349150.0,0.0,0.0,0.0,0.0,0.0,0.0,0.0,0.0
19/09/2024,3220.0,3250.0,-30.0,-0.00923077,3300.0,3300.0,3220.0,209901.0,677172250.0,0.0,0.0,209901.0,677172250.0,0.0,0.0,0.0,0.0,0.0,0.0,0.0,0.0
18/09/2024,3250.0,3280.0,-30.0,-0.00914634,3280.0,3340.0,3250.0,77552.0,253740470.0,0.0,0.0,77552.0,253740470.0,0.0,0.0,0.0,0.0,0.0,0.0,0.0,0.0
17/09/2024,3280.0,3310.0,-30.0,-0.00906344,3350.0,3350.0,3280.0,87206.0,287278860.0,0.0,0.0,87206.0,287278860.0,0.0,0.0,0.0,0.0,0.0,0.0,0.0,0.0
16/09/2024,3310.0,3330.0,-20.0,-0.00600601,3330.0,3400.0,3300.0,51400.0,170126000.0,0.0,0.0,51400.0,170126000.0,0.0,0.0,0.0,0.0,0.0,0.0,0.0,0.0
13/09/2024,3330.0,3340.0,-10.0,-0.00299401,3340.0,3340.0,3300.0,13100.0,43455000.0,0.0,0.0,13100.0,43455000.0,0.0,0.0,0.0,0.0,0.0,0.0,0.0,0.0
12/09/2024,3340.0,3340.0,0.0,0.0,3340.0,3370.0,3310.0,4900.0,16300000.0,0.0,0.0,4900.0,16300000.0,0.0,0.0,0.0,0.0,0.0,0.0,0.0,0.0
11/09/2024,3340.0,3360.0,-20.0,-0.00595238,3300.0,3380.0,3300.0,7400.0,24574000.0,0.0,0.0,7400.0,24574000.0,0.0,0.0,0.0,0.0,0.0,0.0,0.0,0.0
10/09/2024,3360.0,3350.0,10.0,0.00298507,3350.0,3440.0,3300.0,5210.0,17429960.0,0.0,0.0,5210.0,17429960.0,0.0,0.0,0.0,0.0,0.0,0.0,0.0,0.0
09/09/2024,3350.0,3350.0,0.0,0.0,3310.0,3350.0,3300.0,17808.0,58882680.0,0.0,0.0,17808.0,58882680.0,0.0,0.0,0.0,0.0,0.0,0.0,0.0,0.0
06/09/2024,3350.0,3310.0,40.0,0.01208459,3330.0,3380.0,3310.0,35108.0,116769040.0,0.0,0.0,35108.0,116769040.0,0.0,0.0,0.0,0.0,0.0,0.0,0.0,0.0
05/09/2024,3310.0,3390.0,-80.0,-0.02359882,3340.0,3380.0,3310.0,8301.0,27619390.0,0.0,0.0,8301.0,27619390.0,0.0,0.0,0.0,0.0,0.0,0.0,0.0,0.0
04/09/2024,3390.0,3400.0,-10.0,-0.00294118,3300.0,3420.0,3300.0,11714.0,38999130.0,0.0,0.0,11714.0,38999130.0,0.0,0.0,0.0,0.0,0.0,0.0,0.0,0.0
30/08/2024,3400.0,3370.0,30.0,0.00890208,3350.0,3430.0,3350.0,33302.0,112580590.0,0.0,0.0,33302.0,112580590.0,0.0,0.0,0.0,0.0,0.0,0.0,0.0,0.0
29/08/2024,3370.0,3370.0,0.0,0.0,3360.0,3380.0,3320.0,17431.0,58485160.0,0.0,0.0,17431.0,58485160.0,0.0,0.0,0.0,0.0,0.0,0.0,0.0,0.0
28/08/2024,3370.0,3370.0,0.0,0.0,3360.0,3380.0,3340.0,12907.0,43400470.0,0.0,0.0,12907.0,43400470.0,0.0,0.0,0.0,0.0,0.0,0.0,0.0,0.0
27/08/2024,3370.0,3370.0,0.0,0.0,3320.0,3370.0,3320.0,5217.0,17423290.0,0.0,0.0,5217.0,17423290.0,0.0,0.0,0.0,0.0,0.0,0.0,0.0,0.0
26/08/2024,3370.0,3370.0,0.0,0.0,3360.0,3440.0,3330.0,16518.0,55574960.0,0.0,0.0,16518.0,55574960.0,0.0,0.0,0.0,0.0,0.0,0.0,0.0,0.0
23/08/2024,3370.0,3380.0,-10.0,-0.00295858,3370.0,3370.0,3320.0,1400.0,4701000.0,0.0,0.0,1400.0,4701000.0,0.0,0.0,0.0,0.0,0.0,0.0,0.0,0.0
22/08/2024,3380.0,3390.0,-10.0,-0.00294985,3320.0,3390.0,3320.0,2500.0,8384000.0,0.0,0.0,2500.0,8384000.0,0.0,0.0,0.0,0.0,0.0,0.0,0.0,0.0
21/08/2024,3390.0,3390.0,0.0,0.0,3300.0,3390.0,3300.0,51102.0,169166600.0,0.0,0.0,51102.0,169166600.0,0.0,0.0,0.0,0.0,0.0,0.0,0.0,0.0
20/08/2024,3390.0,3380.0,10.0,0.00295858,3400.0,3400.0,3350.0,4512.0,15211100.0,0.0,0.0,4512.0,15211100.0,0.0,0.0,0.0,0.0,0.0,0.0,0.0,0.0
19/08/2024,3380.0,3390.0,-10.0,-0.00294985,3410.0,3410.0,3340.0,5300.0,17841000.0,0.0,0.0,5300.0,17841000.0,0.0,0.0,0.0,0.0,0.0,0.0,0.0,0.0
16/08/2024,3390.0,3360.0,30.0,0.00892857,3280.0,3410.0,3280.0,28506.0,95630160.0,0.0,0.0,28506.0,95630160.0,0.0,0.0,0.0,0.0,0.0,0.0,0.0,0.0
15/08/2024,3360.0,3390.0,-30.0,-0.00884956,3310.0,3380.0,3310.0,8269.0,27665450.0,0.0,0.0,8269.0,27665450.0,0.0,0.0,0.0,0.0,0.0,0.0,0.0,0.0
14/08/2024,3390.0,3400.0,-10.0,-0.00294118,3400.0,3400.0,3340.0,2532.0,8536800.0,0.0,0.0,2532.0,8536800.0,0.0,0.0,0.0,0.0,0.0,0.0,0.0,0.0
13/08/2024,3400.0,3400.0,0.0,0.0,3400.0,3410.0,3170.0,6721.0,22234590.0,0.0,0.0,6721.0,22234590.0,0.0,0.0,0.0,0.0,0.0,0.0,0.0,0.0
12/08/2024,3400.0,3390.0,10.0,0.00294985,3420.0,3420.0,3360.0,21542.0,72807940.0,0.0,0.0,21542.0,72807940.0,0.0,0.0,0.0,0.0,0.0,0.0,0.0,0.0
09/08/2024,3390.0,3370.0,20.0,0.00593472,3390.0,3390.0,3360.0,1805.0,6091310.0,0.0,0.0,1805.0,6091310.0,0.0,0.0,0.0,0.0,0.0,0.0,0.0,0.0
08/08/2024,3370.0,3360.0,10.0,0.00297619,3350.0,3420.0,3310.0,32600.0,109716000.0,0.0,0.0,32600.0,109716000.0,0.0,0.0,0.0,0.0,0.0,0.0,0.0,0.0
07/08/2024,3360.0,3350.0,10.0,0.00298507,3350.0,3360.0,3300.0,14040.0,46634880.0,0.0,0.0,14040.0,46634880.0,0.0,0.0,0.0,0.0,0.0,0.0,0.0,0.0
06/08/2024,3350.0,3310.0,40.0,0.01208459,3300.0,3380.0,3300.0,35602.0,118011660.0,0.0,0.0,35602.0,118011660.0,0.0,0.0,0.0,0.0,0.0,0.0,0.0,0.0
05/08/2024,3310.0,3450.0,-140.0,-0.04057971,3390.0,3410.0,3210.0,67100.0,221430000.0,0.0,0.0,67100.0,221430000.0,500.0,-500.0,0.0,0.0,1690000.0,-1690000.0,0.0,0.0
02/08/2024,3450.0,3450.0,0.0,0.0,3450.0,3450.0,3400.0,11038.0,37666250.0,0.0,0.0,11038.0,37666250.0,0.0,0.0,0.0,0.0,0.0,0.0,0.0,0.0
01/08/2024,3450.0,3500.0,-50.0,-0.01428571,3460.0,3500.0,3400.0,47500.0,162975000.0,0.0,0.0,47500.0,162975000.0,0.0,0.0,0.0,0.0,0.0,0.0,0.0,0.0
31/07/2024,3500.0,3550.0,-50.0,-0.01408451,3520.0,3540.0,3500.0,24907.0,87319500.0,0.0,0.0,24907.0,87319500.0,0.0,0.0,0.0,0.0,0.0,0.0,0.0,0.0
30/07/2024,3550.0,3550.0,0.0,0.0,3560.0,3570.0,3500.0,18400.0,65057000.0,0.0,0.0,18400.0,65057000.0,0.0,0.0,0.0,0.0,0.0,0.0,0.0,0.0
29/07/2024,3550.0,3570.0,-20.0,-0.00560224,3580.0,3580.0,3520.0,17406.0,61876380.0,0.0,0.0,17406.0,61876380.0,0.0,0.0,0.0,0.0,0.0,0.0,0.0,0.0
26/07/2024,3570.0,3450.0,120.0,0.03478261,3560.0,3610.0,3450.0,114116.0,405130090.0,0.0,0.0,114116.0,405130090.0,10.0,0.0,0.0,-10.0,33850.0,0.0,0.0,-33850.0
25/07/2024,3450.0,3450.0,0.0,0.0,3440.0,3450.0,3440.0,1700.0,5863000.0,0.0,0.0,1700.0,5863000.0,0.0,0.0,0.0,0.0,0.0,0.0,0.0,0.0
24/07/2024,3450.0,3450.0,0.0,0.0,3310.0,3480.0,3210.0,89702.0,292894920.0,0.0,0.0,89702.0,292894920.0,0.0,0.0,0.0,0.0,0.0,0.0,0.0,0.0
23/07/2024,3450.0,3470.0,-20.0,-0.00576369,3470.0,3490.0,3420.0,12426.0,42599220.0,0.0,0.0,12426.0,42599220.0,0.0,0.0,0.0,0.0,0.0,0.0,0.0,0.0
22/07/2024,3470.0,3500.0,-30.0,-0.00857143,3500.0,3500.0,3260.0,33904.0,115363000.0,0.0,0.0,33904.0,115363000.0,0.0,0.0,0.0,0.0,0.0,0.0,0.0,0.0
19/07/2024,3500.0,3510.0,-10.0,-0.002849,3490.0,3500.0,3480.0,16012.0,55727560.0,0.0,0.0,16012.0,55727560.0,0.0,0.0,0.0,0.0,0.0,0.0,0.0,0.0
18/07/2024,3510.0,3480.0,30.0,0.00862069,3520.0,3520.0,3480.0,11100.0,38645000.0,0.0,0.0,11100.0,38645000.0,0.0,0.0,0.0,0.0,0.0,0.0,0.0,0.0
17/07/2024,3480.0,3530.0,-50.0,-0.01416431,3540.0,3540.0,3480.0,32616.0,113985390.0,0.0,0.0,32616.0,113985390.0,0.0,0.0,0.0,0.0,0.0,0.0,0.0,0.0
16/07/2024,3530.0,3530.0,0.0,0.0,3500.0,3550.0,3500.0,37600.0,132628000.0,0.0,0.0,37600.0,132628000.0,0.0,0.0,0.0,0.0,0.0,0.0,0.0,0.0
15/07/2024,3530.0,3520.0,10.0,0.00284091,3500.0,3530.0,3500.0,11902.0,41740040.0,0.0,0.0,11902.0,41740040.0,0.0,0.0,0.0,0.0,0.0,0.0,0.0,0.0
12/07/2024,3520.0,3520.0,0.0,0.0,3510.0,3520.0,3500.0,6950.0,24389400.0,0.0,0.0,6950.0,24389400.0,0.0,0.0,0.0,0.0,0.0,0.0,0.0,0.0
11/07/2024,3520.0,3510.0,10.0,0.002849,3510.0,3520.0,3480.0,14206.0,49851060.0,0.0,0.0,14206.0,49851060.0,0.0,0.0,0.0,0.0,0.0,0.0,0.0,0.0
10/07/2024,3510.0,3520.0,-10.0,-0.00284091,3500.0,3520.0,3490.0,13200.0,46242000.0,0.0,0.0,13200.0,46242000.0,0.0,0.0,0.0,0.0,0.0,0.0,0.0,0.0
09/07/2024,3520.0,3510.0,10.0,0.002849,3500.0,3520.0,3500.0,19500.0,68512000.0,0.0,0.0,19500.0,68512000.0,0.0,0.0,0.0,0.0,0.0,0.0,0.0,0.0
08/07/2024,3510.0,3500.0,10.0,0.00285714,3500.0,3510.0,3480.0,44032.0,153950450.0,0.0,0.0,44032.0,153950450.0,0.0,0.0,0.0,0.0,0.0,0.0,0.0,0.0
05/07/2024,3500.0,3500.0,0.0,0.0,3510.0,3510.0,3490.0,29000.0,101400000.0,0.0,0.0,29000.0,101400000.0,0.0,0.0,0.0,0.0,0.0,0.0,0.0,0.0
04/07/2024,3500.0,3500.0,0.0,0.0,3510.0,3510.0,3490.0,18030.0,63097000.0,0.0,0.0,18030.0,63097000.0,0.0,0.0,0.0,0.0,0.0,0.0,0.0,0.0
03/07/2024,3500.0,3490.0,10.0,0.00286533,3490.0,3500.0,3480.0,7500.0,26167000.0,0.0,0.0,7500.0,26167000.0,0.0,0.0,0.0,0.0,0.0,0.0,0.0,0.0
02/07/2024,3490.0,3490.0,0.0,0.0,3480.0,3500.0,3480.0,9730.0,33949500.0,0.0,0.0,9730.0,33949500.0,0.0,0.0,0.0,0.0,0.0,0.0,0.0,0.0
01/07/2024,3490.0,3480.0,10.0,0.00287356,3520.0,3520.0,3450.0,15900.0,55225000.0,0.0,0.0,15900.0,55225000.0,0.0,0.0,0.0,0.0,0.0,0.0,0.0,0.0
28/06/2024,3480.0,3490.0,-10.0,-0.00286533,3490.0,3510.0,3450.0,104403.0,361472470.0,0.0,0.0,104403.0,361472470.0,0.0,0.0,0.0,0.0,0.0,0.0,0.0,0.0
27/06/2024,3490.0,3500.0,-10.0,-0.00285714,3520.0,3520.0,3450.0,15207.0,53002400.0,0.0,0.0,15207.0,53002400.0,4900.0,0.0,0.0,-4900.0,16972000.0,0.0,0.0,-16972000.0
26/06/2024,3500.0,3500.0,0.0,0.0,3450.0,3510.0,3450.0,22119.0,77029500.0,0.0,0.0,22119.0,77029500.0,700.0,0.0,0.0,-700.0,2450000.0,0.0,0.0,-2450000.0
25/06/2024,3500.0,3510.0,-10.0,-0.002849,3510.0,3510.0,3480.0,17008.0,59451400.0,0.0,0.0,17008.0,59451400.0,9300.0,0.0,0.0,-9300.0,32518000.0,0.0,0.0,-32518000.0
24/06/2024,3510.0,3530.0,-20.0,-0.00566572,3470.0,3530.0,3450.0,47319.0,164277270.0,0.0,0.0,47319.0,164277270.0,17900.0,0.0,0.0,-17900.0,62201001.0,0.0,0.0,-62201000.0
21/06/2024,3530.0,3530.0,0.0,0.0,3510.0,3530.0,3490.0,46500.0,163273000.0,0.0,0.0,46500.0,163273000.0,0.0,0.0,0.0,0.0,0.0,0.0,0.0,0.0
20/06/2024,3530.0,3530.0,0.0,0.0,3490.0,3530.0,3450.0,57800.0,202812000.0,0.0,0.0,57800.0,202812000.0,0.0,0.0,0.0,0.0,0.0,0.0,0.0,0.0
19/06/2024,3530.0,3530.0,0.0,0.0,3530.0,3540.0,3500.0,25109.0,88183400.0,0.0,0.0,25109.0,88183400.0,14700.0,0.0,0.0,-14700.0,51487001.0,0.0,0.0,-51487000.0
18/06/2024,3530.0,3520.0,10.0,0.00284091,3520.0,3540.0,3510.0,58393.0,205886250.0,0.0,0.0,58393.0,205886250.0,60.0,0.0,0.0,-60.0,209760.0,0.0,0.0,-209760.0
17/06/2024,3520.0,3500.0,20.0,0.00571429,3490.0,3520.0,3490.0,22553.0,78875000.0,0.0,0.0,22553.0,78875000.0,-200.0,0.0,0.0,200.0,-704000.0,0.0,0.0,704000.0
14/06/2024,3500.0,3520.0,-20.0,-0.00568182,3530.0,3530.0,3490.0,66400.0,233132000.0,0.0,0.0,66400.0,233132000.0,0.0,0.0,0.0,0.0,0.0,0.0,0.0,0.0
13/06/2024,3520.0,3520.0,0.0,0.0,3530.0,3530.0,3500.0,13900.0,48688000.0,0.0,0.0,13900.0,48688000.0,0.0,0.0,0.0,0.0,0.0,0.0,0.0,0.0
12/06/2024,3520.0,3510.0,10.0,0.002849,3520.0,3530.0,3510.0,36337.0,127836870.0,0.0,0.0,36337.0,127836870.0,0.0,0.0,0.0,0.0,0.0,0.0,0.0,0.0
11/06/2024,3510.0,3520.0,-10.0,-0.00284091,3540.0,3540.0,3510.0,18759.0,65995280.0,0.0,0.0,18759.0,65995280.0,133.0,0.0,-133.0,-133.0,462240.0,0.0,-462000.0,-462240.0
10/06/2024,3520.0,3520.0,0.0,0.0,3520.0,3540.0,3500.0,79938.0,280651520.0,0.0,0.0,79938.0,280651520.0,13.0,-13.0,-13.0,0.0,45760.0,-45760.0,-46000.0,0.0
07/06/2024,3520.0,3510.0,10.0,0.002849,3510.0,3540.0,3500.0,31508.0,110775240.0,0.0,0.0,31508.0,110775240.0,0.0,0.0,0.0,0.0,0.0,0.0,0.0,0.0
06/06/2024,3510.0,3540.0,-30.0,-0.00847458,3520.0,3540.0,3500.0,34205.0,120105700.0,0.0,0.0,34205.0,120105700.0,0.0,0.0,0.0,0.0,0.0,0.0,0.0,0.0
05/06/2024,3540.0,3550.0,-10.0,-0.0028169,3520.0,3560.0,3500.0,136283.0,478358990.0,0.0,0.0,136283.0,478358990.0,0.0,0.0,0.0,0.0,0.0,0.0,0.0,0.0
04/06/2024,3550.0,3560.0,-10.0,-0.00280899,3510.0,3550.0,3500.0,49200.0,173519000.0,0.0,0.0,49200.0,173519000.0,0.0,0.0,0.0,0.0,0.0,0.0,0.0,0.0
03/06/2024,3560.0,3560.0,0.0,0.0,3620.0,3620.0,3520.0,130804.0,463096370.0,0.0,0.0,130804.0,463096370.0,0.0,0.0,0.0,0.0,0.0,0.0,0.0,0.0
31/05/2024,3560.0,3480.0,80.0,0.02298851,3480.0,3580.0,3440.0,244251.0,861106560.0,0.0,0.0,244251.0,861106560.0,0.0,0.0,0.0,0.0,0.0,0.0,0.0,0.0
30/05/2024,3480.0,3500.0,-20.0,-0.00571429,3460.0,3490.0,3450.0,14900.0,51681000.0,0.0,0.0,14900.0,51681000.0,0.0,0.0,0.0,0.0,0.0,0.0,0.0,0.0
29/05/2024,3500.0,3450.0,50.0,0.01449275,3470.0,3500.0,3440.0,133708.0,462046760.0,0.0,0.0,133708.0,462046760.0,800.0,0.0,0.0,-800.0,2760000.0,0.0,0.0,-2760000.0
28/05/2024,3450.0,3490.0,-40.0,-0.01146132,3490.0,3500.0,3440.0,150200.0,518891000.0,0.0,0.0,150200.0,518891000.0,72700.0,0.0,0.0,-72700.0,250815000.0,0.0,0.0,-250815000.0
27/05/2024,3490.0,3480.0,10.0,0.00287356,3500.0,3510.0,3450.0,73619.0,256156310.0,0.0,0.0,73619.0,256156310.0,100.0,0.0,0.0,-100.0,350000.0,0.0,0.0,-350000.0
24/05/2024,3480.0,3480.0,0.0,0.0,3460.0,3490.0,3450.0,65000.0,225315920.0,0.0,0.0,65000.0,225315920.0,0.0,0.0,0.0,0.0,0.0,0.0,0.0,0.0
23/05/2024,3480.0,3470.0,10.0,0.00288184,3480.0,3490.0,3450.0,50000.0,173057000.0,0.0,0.0,50000.0,173057000.0,0.0,0.0,0.0,0.0,0.0,0.0,0.0,0.0
22/05/2024,3470.0,3490.0,-20.0,-0.00573066,3510.0,3620.0,3460.0,89783.0,313464580.0,0.0,0.0,89783.0,313464580.0,2100.0,0.0,0.0,-2100.0,7400000.0,0.0,0.0,-7400000.0
21/05/2024,3490.0,3490.0,0.0,0.0,3490.0,3500.0,3440.0,30214.0,105107910.0,0.0,0.0,30214.0,105107910.0,4600.0,0.0,0.0,-4600.0,16100000.0,0.0,0.0,-16100000.0
20/05/2024,3490.0,3550.0,-60.0,-0.01690141,3540.0,3550.0,3450.0,34806.0,121242240.0,0.0,0.0,34806.0,121242240.0,2900.0,0.0,0.0,-2900.0,10150000.0,0.0,0.0,-10150000.0
17/05/2024,3550.0,3570.0,-20.0,-0.00560224,3550.0,3560.0,3330.0,145550.0,506479000.0,0.0,0.0,145550.0,506479000.0,11500.0,0.0,0.0,-11500.0,40825000.0,0.0,0.0,-40825000.0
16/05/2024,3570.0,3610.0,-40.0,-0.01108033,3590.0,3630.0,3560.0,43301.0,156098630.0,0.0,0.0,43301.0,156098630.0,6100.0,0.0,0.0,-6100.0,21960000.0,0.0,0.0,-21960000.0
15/05/2024,3610.0,3490.0,120.0,0.03438395,3490.0,3630.0,3480.0,143701.0,508681100.0,0.0,0.0,143701.0,508681100.0,8500.0,0.0,0.0,-8500.0,29750000.0,0.0,0.0,-29750000.0
14/05/2024,3490.0,3460.0,30.0,0.00867052,3470.0,3490.0,3460.0,100275.0,349380970.0,0.0,0.0,100275.0,349380970.0,0.0,0.0,0.0,0.0,0.0,0.0,0.0,0.0
13/05/2024,3460.0,3480.0,-20.0,-0.00574713,3480.0,3480.0,3440.0,25704.0,88930840.0,0.0,0.0,25704.0,88930840.0,0.0,0.0,0.0,0.0,0.0,0.0,0.0,0.0
10/05/2024,3480.0,3480.0,0.0,0.0,3470.0,3490.0,3400.0,15234.0,52535450.0,0.0,0.0,15234.0,52535450.0,0.0,0.0,0.0,0.0,0.0,0.0,0.0,0.0
09/05/2024,3480.0,3480.0,0.0,0.0,3490.0,3490.0,3440.0,8203.0,28493750.0,0.0,0.0,8203.0,28493750.0,0.0,0.0,0.0,0.0,0.0,0.0,0.0,0.0
08/05/2024,3480.0,3500.0,-20.0,-0.00571429,3400.0,3490.0,3400.0,19552.0,67122580.0,0.0,0.0,19552.0,67122580.0,0.0,0.0,0.0,0.0,0.0,0.0,0.0,0.0
07/05/2024,3500.0,3490.0,10.0,0.00286533,3490.0,3500.0,3460.0,13501.0,47104470.0,0.0,0.0,13501.0,47104470.0,0.0,0.0,0.0,0.0,0.0,0.0,0.0,0.0
06/05/2024,3490.0,3490.0,0.0,0.0,3450.0,3490.0,3430.0,44900.0,155972000.0,0.0,0.0,44900.0,155972000.0,0.0,0.0,0.0,0.0,0.0,0.0,0.0,0.0
03/05/2024,3490.0,3480.0,10.0,0.00287356,3450.0,3490.0,3440.0,30014.0,104127140.0,0.0,0.0,30014.0,104127140.0,11.0,-11.0,0.0,0.0,35640.0,-35640.0,0.0,0.0
02/05/2024,3480.0,3420.0,60.0,0.01754386,3350.0,3480.0,3350.0,41010.0,141103500.0,0.0,0.0,41010.0,141103500.0,0.0,0.0,0.0,0.0,0.0,0.0,0.0,0.0
26/04/2024,3420.0,3420.0,0.0,0.0,3430.0,3440.0,3420.0,1094.0,3751700.0,0.0,0.0,1094.0,3751700.0,0.0,0.0,0.0,0.0,0.0,0.0,0.0,0.0
25/04/2024,3420.0,3420.0,0.0,0.0,3420.0,3430.0,3250.0,118003.0,394354200.0,0.0,0.0,118003.0,394354200.0,0.0,0.0,0.0,0.0,0.0,0.0,0.0,0.0
24/04/2024,3420.0,3410.0,10.0,0.00293255,3430.0,3430.0,3380.0,37102.0,126971840.0,0.0,0.0,37102.0,126971840.0,0.0,0.0,0.0,0.0,0.0,0.0,0.0,0.0
23/04/2024,3410.0,3440.0,-30.0,-0.00872093,3450.0,3450.0,3360.0,15053.0,50851130.0,0.0,0.0,15053.0,50851130.0,0.0,0.0,0.0,0.0,0.0,0.0,0.0,0.0
22/04/2024,3440.0,3420.0,20.0,0.00584795,3420.0,3450.0,3400.0,61002.0,208053880.0,0.0,0.0,61002.0,208053880.0,0.0,0.0,0.0,0.0,0.0,0.0,0.0,0.0
19/04/2024,3420.0,3400.0,20.0,0.00588235,3400.0,3470.0,3400.0,9450.0,32154500.0,0.0,0.0,9450.0,32154500.0,0.0,0.0,0.0,0.0,0.0,0.0,0.0,0.0
17/04/2024,3400.0,3450.0,-50.0,-0.01449275,3440.0,3480.0,3400.0,21602.0,73819920.0,0.0,0.0,21602.0,73819920.0,0.0,0.0,0.0,0.0,0.0,0.0,0.0,0.0
16/04/2024,3450.0,3460.0,-10.0,-0.00289017,3430.0,3530.0,3410.0,18400.0,63115000.0,0.0,0.0,18400.0,63115000.0,0.0,0.0,0.0,0.0,0.0,0.0,0.0,0.0
15/04/2024,3460.0,3480.0,-20.0,-0.00574713,3480.0,3560.0,3450.0,31720.0,109867600.0,0.0,0.0,31720.0,109867600.0,0.0,0.0,0.0,0.0,0.0,0.0,0.0,0.0
12/04/2024,3480.0,3490.0,-10.0,-0.00286533,3470.0,3500.0,3440.0,72873.0,251706370.0,0.0,0.0,72873.0,251706370.0,0.0,0.0,0.0,0.0,0.0,0.0,0.0,0.0
11/04/2024,3490.0,3500.0,-10.0,-0.00285714,3500.0,3500.0,3470.0,8000.0,27807000.0,0.0,0.0,8000.0,27807000.0,0.0,0.0,0.0,0.0,0.0,0.0,0.0,0.0
10/04/2024,3500.0,3510.0,-10.0,-0.002849,3500.0,3500.0,3480.0,100602.0,351612000.0,0.0,0.0,100602.0,351612000.0,0.0,0.0,0.0,0.0,0.0,0.0,0.0,0.0
09/04/2024,3510.0,3530.0,-20.0,-0.00566572,3350.0,3530.0,3350.0,18200.0,63601000.0,0.0,0.0,18200.0,63601000.0,0.0,0.0,0.0,0.0,0.0,0.0,0.0,0.0
08/04/2024,3530.0,3530.0,0.0,0.0,3520.0,3530.0,3490.0,52303.0,183776410.0,0.0,0.0,52303.0,183776410.0,0.0,0.0,0.0,0.0,0.0,0.0,0.0,0.0
05/04/2024,3530.0,3540.0,-10.0,-0.00282486,3520.0,3530.0,3500.0,54800.0,192476000.0,0.0,0.0,54800.0,192476000.0,0.0,0.0,0.0,0.0,0.0,0.0,0.0,0.0
04/04/2024,3540.0,3550.0,-10.0,-0.0028169,3530.0,3540.0,3510.0,84800.0,298629000.0,0.0,0.0,84800.0,298629000.0,0.0,0.0,0.0,0.0,0.0,0.0,0.0,0.0
03/04/2024,3550.0,3580.0,-30.0,-0.00837989,3560.0,3580.0,3550.0,38919.0,138272740.0,0.0,0.0,38919.0,138272740.0,0.0,0.0,0.0,0.0,0.0,0.0,0.0,0.0
02/04/2024,3580.0,3580.0,0.0,0.0,3580.0,3590.0,3550.0,21027.0,74974120.0,0.0,0.0,21027.0,74974120.0,0.0,0.0,0.0,0.0,0.0,0.0,0.0,0.0
01/04/2024,3580.0,3610.0,-30.0,-0.00831025,3600.0,3600.0,3560.0,30187.0,107976460.0,0.0,0.0,30187.0,107976460.0,-4000.0,0.0,0.0,4000.0,-14360000.0,0.0,0.0,14360000.0
29/03/2024,3610.0,3610.0,0.0,0.0,3560.0,3610.0,3550.0,11480.0,40953740.0,0.0,0.0,11480.0,40953740.0,0.0,0.0,0.0,0.0,0.0,0.0,0.0,0.0
28/03/2024,3610.0,3620.0,-10.0,-0.00276243,3620.0,3620.0,3570.0,40500.0,145067000.0,0.0,0.0,40500.0,145067000.0,0.0,0.0,0.0,0.0,0.0,0.0,0.0,0.0
27/03/2024,3620.0,3620.0,0.0,0.0,3600.0,3620.0,3580.0,16708.0,60051480.0,0.0,0.0,16708.0,60051480.0,0.0,0.0,0.0,0.0,0.0,0.0,0.0,0.0
26/03/2024,3620.0,3610.0,10.0,0.00277008,3610.0,3620.0,3570.0,73913.0,266054680.0,0.0,0.0,73913.0,266054680.0,0.0,0.0,0.0,0.0,0.0,0.0,0.0,0.0
25/03/2024,3610.0,3630.0,-20.0,-0.00550964,3600.0,3630.0,3600.0,58711.0,212364830.0,0.0,0.0,58711.0,212364830.0,0.0,0.0,0.0,0.0,0.0,0.0,0.0,0.0
22/03/2024,3630.0,3580.0,50.0,0.01396648,3580.0,3650.0,3580.0,199344.0,720849720.0,0.0,0.0,199344.0,720849720.0,0.0,0.0,0.0,0.0,0.0,0.0,0.0,0.0
21/03/2024,3580.0,3570.0,10.0,0.00280112,3570.0,3580.0,3560.0,80751.0,288133070.0,0.0,0.0,80751.0,288133070.0,0.0,0.0,0.0,0.0,0.0,0.0,0.0,0.0
20/03/2024,3570.0,3560.0,10.0,0.00280899,3540.0,3570.0,3530.0,139000.0,494118000.0,0.0,0.0,139000.0,494118000.0,0.0,0.0,0.0,0.0,0.0,0.0,0.0,0.0
19/03/2024,3560.0,3550.0,10.0,0.0028169,3530.0,3560.0,3530.0,25100.0,88785000.0,0.0,0.0,25100.0,88785000.0,0.0,0.0,0.0,0.0,0.0,0.0,0.0,0.0
18/03/2024,3550.0,3580.0,-30.0,-0.00837989,3580.0,3580.0,3520.0,95726.0,339306560.0,0.0,0.0,95726.0,339306560.0,0.0,0.0,0.0,0.0,0.0,0.0,0.0,0.0
15/03/2024,3580.0,3540.0,40.0,0.01129944,3520.0,3600.0,3510.0,94400.0,334553000.0,0.0,0.0,94400.0,334553000.0,18400.0,0.0,0.0,-18400.0,65320000.0,0.0,0.0,-65320000.0
14/03/2024,3540.0,3520.0,20.0,0.00568182,3520.0,3540.0,3510.0,62818.0,221167100.0,0.0,0.0,62818.0,221167100.0,0.0,0.0,0.0,0.0,0.0,0.0,0.0,0.0
13/03/2024,3520.0,3530.0,-10.0,-0.00283286,3530.0,3540.0,3520.0,62928.0,221805580.0,0.0,0.0,62928.0,221805580.0,100.0,-100.0,0.0,0.0,352000.0,-352000.0,0.0,0.0
12/03/2024,3530.0,3520.0,10.0,0.00284091,3510.0,3550.0,3510.0,55700.0,196505000.0,0.0,0.0,55700.0,196505000.0,1200.0,0.0,0.0,-1200.0,4260000.0,0.0,0.0,-4260000.0
11/03/2024,3520.0,3560.0,-40.0,-0.01123596,3550.0,3560.0,3520.0,21542.0,76096500.0,0.0,0.0,21542.0,76096500.0,0.0,0.0,0.0,0.0,0.0,0.0,0.0,0.0
08/03/2024,3560.0,3570.0,-10.0,-0.00280112,3560.0,3570.0,3530.0,41426.0,147080350.0,0.0,0.0,41426.0,147080350.0,300.0,-300.0,0.0,0.0,1065000.0,-1065000.0,0.0,0.0
07/03/2024,3570.0,3570.0,0.0,0.0,3550.0,3570.0,3530.0,128817.0,456669560.0,0.0,0.0,128817.0,456669560.0,0.0,0.0,0.0,0.0,0.0,0.0,0.0,0.0
06/03/2024,3570.0,3570.0,0.0,0.0,3560.0,3580.0,3540.0,71310.0,253498400.0,0.0,0.0,71310.0,253498400.0,0.0,0.0,0.0,0.0,0.0,0.0,0.0,0.0
05/03/2024,3570.0,3560.0,10.0,0.00280899,3560.0,3570.0,3540.0,59903.0,212762710.0,0.0,0.0,59903.0,212762710.0,100.0,0.0,0.0,-100.0,356000.0,0.0,0.0,-356000.0
04/03/2024,3560.0,3560.0,0.0,0.0,3570.0,3580.0,3540.0,114537.0,407378060.0,0.0,0.0,114537.0,407378060.0,0.0,0.0,0.0,0.0,0.0,0.0,0.0,0.0
01/03/2024,3560.0,3560.0,0.0,0.0,3570.0,3570.0,3520.0,50115.0,177686500.0,0.0,0.0,50115.0,177686500.0,0.0,0.0,0.0,0.0,0.0,0.0,0.0,0.0
29/02/2024,3560.0,3590.0,-30.0,-0.00835655,3580.0,3600.0,3550.0,114003.0,405649810.0,0.0,0.0,114003.0,405649810.0,0.0,0.0,0.0,0.0,0.0,0.0,0.0,0.0
28/02/2024,3590.0,3600.0,-10.0,-0.00277778,3600.0,3620.0,3560.0,97812.0,350502840.0,0.0,0.0,97812.0,350502840.0,0.0,0.0,0.0,0.0,0.0,0.0,0.0,0.0
27/02/2024,3600.0,3620.0,-20.0,-0.00552486,3620.0,3630.0,3570.0,121703.0,436266330.0,0.0,0.0,121703.0,436266330.0,0.0,0.0,0.0,0.0,0.0,0.0,0.0,0.0
26/02/2024,3620.0,3590.0,30.0,0.00835655,3600.0,3620.0,3570.0,65706.0,236034660.0,0.0,0.0,65706.0,236034660.0,0.0,0.0,0.0,0.0,0.0,0.0,0.0,0.0
23/02/2024,3590.0,3580.0,10.0,0.0027933,3590.0,3700.0,3570.0,302123.0,1098701120.0,0.0,0.0,302123.0,1098701120.0,0.0,0.0,0.0,0.0,0.0,0.0,0.0,0.0
22/02/2024,3580.0,3560.0,20.0,0.00561798,3560.0,3590.0,3560.0,115515.0,413029680.0,0.0,0.0,115515.0,413029680.0,0.0,0.0,0.0,0.0,0.0,0.0,0.0,0.0
21/02/2024,3560.0,3540.0,20.0,0.00564972,3540.0,3560.0,3520.0,119085.0,420474900.0,0.0,0.0,119085.0,420474900.0,0.0,0.0,0.0,0.0,0.0,0.0,0.0,0.0
20/02/2024,3540.0,3520.0,20.0,0.00568182,3530.0,3550.0,3520.0,80607.0,284550040.0,0.0,0.0,80607.0,284550040.0,0.0,0.0,0.0,0.0,0.0,0.0,0.0,0.0
19/02/2024,3520.0,3510.0,10.0,0.002849,3510.0,3530.0,3510.0,75809.0,266425500.0,0.0,0.0,75809.0,266425500.0,0.0,0.0,0.0,0.0,0.0,0.0,0.0,0.0
16/02/2024,3510.0,3510.0,0.0,0.0,3500.0,3510.0,3470.0,66451.0,232849120.0,0.0,0.0,66451.0,232849120.0,100.0,-100.0,0.0,0.0,349000.0,-349000.0,0.0,0.0
15/02/2024,3510.0,3510.0,0.0,0.0,3510.0,3520.0,3480.0,9900.0,34759000.0,0.0,0.0,9900.0,34759000.0,0.0,0.0,0.0,0.0,0.0,0.0,0.0,0.0
07/02/2024,3510.0,3500.0,10.0,0.00285714,3500.0,3510.0,3490.0,14911.0,52155500.0,0.0,0.0,14911.0,52155500.0,0.0,0.0,0.0,0.0,0.0,0.0,0.0,0.0
06/02/2024,3500.0,3460.0,40.0,0.01156069,3460.0,3510.0,3460.0,65600.0,228133000.0,0.0,0.0,65600.0,228133000.0,0.0,0.0,0.0,0.0,0.0,0.0,0.0,0.0
05/02/2024,3460.0,3500.0,-40.0,-0.01142857,3500.0,3510.0,3460.0,8903.0,30889350.0,0.0,0.0,8903.0,30889350.0,400.0,-400.0,0.0,0.0,1384000.0,-1384000.0,0.0,0.0
02/02/2024,3500.0,3510.0,-10.0,-0.002849,3510.0,3510.0,3470.0,14325.0,50041000.0,0.0,0.0,14325.0,50041000.0,0.0,0.0,0.0,0.0,0.0,0.0,0.0,0.0
01/02/2024,3510.0,3510.0,0.0,0.0,3510.0,3510.0,3460.0,17203.0,59856290.0,0.0,0.0,17203.0,59856290.0,0.0,0.0,0.0,0.0,0.0,0.0,0.0,0.0
31/01/2024,3510.0,3520.0,-10.0,-0.00284091,3480.0,3520.0,3470.0,32406.0,112946050.0,0.0,0.0,32406.0,112946050.0,0.0,0.0,0.0,0.0,0.0,0.0,0.0,0.0
30/01/2024,3520.0,3520.0,0.0,0.0,3520.0,3530.0,3500.0,14102.0,49444000.0,0.0,0.0,14102.0,49444000.0,0.0,0.0,0.0,0.0,0.0,0.0,0.0,0.0
29/01/2024,3520.0,3520.0,0.0,0.0,3520.0,3520.0,3490.0,8536.0,29959480.0,0.0,0.0,8536.0,29959480.0,0.0,0.0,0.0,0.0,0.0,0.0,0.0,0.0
26/01/2024,3520.0,3510.0,10.0,0.002849,3510.0,3520.0,3500.0,18350.0,64400500.0,0.0,0.0,18350.0,64400500.0,0.0,0.0,0.0,0.0,0.0,0.0,0.0,0.0
25/01/2024,3510.0,3510.0,0.0,0.0,3480.0,3520.0,3480.0,34910.0,122223500.0,0.0,0.0,34910.0,122223500.0,0.0,0.0,0.0,0.0,0.0,0.0,0.0,0.0
24/01/2024,3510.0,3510.0,0.0,0.0,3510.0,3520.0,3490.0,14959.0,52424360.0,0.0,0.0,14959.0,52424360.0,0.0,0.0,0.0,0.0,0.0,0.0,0.0,0.0
23/01/2024,3510.0,3520.0,-10.0,-0.00284091,3500.0,3520.0,3460.0,4115.0,14381680.0,0.0,0.0,4115.0,14381680.0,0.0,0.0,0.0,0.0,0.0,0.0,0.0,0.0
22/01/2024,3520.0,3520.0,0.0,0.0,3520.0,3520.0,3500.0,23737.0,83430650.0,0.0,0.0,23737.0,83430650.0,6100.0,-900.0,0.0,-5200.0,21403001.0,-3151000.0,0.0,-18252000.0
19/01/2024,3520.0,3510.0,10.0,0.002849,3470.0,3520.0,3470.0,74700.0,262129000.0,0.0,0.0,74700.0,262129000.0,2500.0,-2500.0,0.0,0.0,8675000.0,-8675000.0,0.0,0.0
18/01/2024,3510.0,3510.0,0.0,0.0,3500.0,3510.0,3470.0,19743.0,68576440.0,0.0,0.0,19743.0,68576440.0,0.0,0.0,0.0,0.0,0.0,0.0,0.0,0.0
17/01/2024,3510.0,3500.0,10.0,0.00285714,3500.0,3520.0,3500.0,34031.0,119260160.0,0.0,0.0,34031.0,119260160.0,0.0,0.0,0.0,0.0,0.0,0.0,0.0,0.0
16/01/2024,3500.0,3500.0,0.0,0.0,3490.0,3500.0,3470.0,27700.0,96422000.0,0.0,0.0,27700.0,96422000.0,0.0,0.0,0.0,0.0,0.0,0.0,0.0,0.0
15/01/2024,3500.0,3510.0,-10.0,-0.002849,3470.0,3510.0,3470.0,19329.0,67380920.0,0.0,0.0,19329.0,67380920.0,1000.0,-1000.0,0.0,0.0,3470000.0,-3470000.0,0.0,0.0
12/01/2024,3510.0,3510.0,0.0,0.0,3520.0,3520.0,3490.0,28434.0,99434080.0,0.0,0.0,28434.0,99434080.0,0.0,0.0,0.0,0.0,0.0,0.0,0.0,0.0
11/01/2024,3510.0,3520.0,-10.0,-0.00284091,3520.0,3550.0,3500.0,31400.0,110436000.0,0.0,0.0,31400.0,110436000.0,0.0,0.0,0.0,0.0,0.0,0.0,0.0,0.0
10/01/2024,3520.0,3550.0,-30.0,-0.0084507,3560.0,3560.0,3510.0,21417.0,75592350.0,0.0,0.0,21417.0,75592350.0,0.0,0.0,0.0,0.0,0.0,0.0,0.0,0.0
09/01/2024,3550.0,3550.0,0.0,0.0,3550.0,3560.0,3510.0,21205.0,75273550.0,0.0,0.0,21205.0,75273550.0,0.0,0.0,0.0,0.0,0.0,0.0,0.0,0.0
08/01/2024,3550.0,3550.0,0.0,0.0,3590.0,3590.0,3510.0,17604.0,62678240.0,0.0,0.0,17604.0,62678240.0,0.0,0.0,0.0,0.0,0.0,0.0,0.0,0.0
05/01/2024,3550.0,3540.0,10.0,0.00282486,3510.0,3560.0,3480.0,105550.0,370860560.0,0.0,0.0,105550.0,370860560.0,0.0,0.0,0.0,0.0,0.0,0.0,0.0,0.0
04/01/2024,3540.0,3540.0,0.0,0.0,3500.0,3560.0,3500.0,111093.0,392023330.0,0.0,0.0,111093.0,392023330.0,100.0,-100.0,0.0,0.0,354000.0,-354000.0,0.0,0.0
03/01/2024,3540.0,3540.0,0.0,0.0,3480.0,3540.0,3480.0,25800.0,90839000.0,0.0,0.0,25800.0,90839000.0,0.0,0.0,0.0,0.0,0.0,0.0,0.0,0.0
02/01/2024,3540.0,3530.0,10.0,0.00283286,3530.0,3550.0,3480.0,12616.0,44327800.0,0.0,0.0,12616.0,44327800.0,0.0,0.0,0.0,0.0,0.0,0.0,0.0,0.0
29/12/2023,3530.0,3540.0,-10.0,-0.00282486,3570.0,3570.0,3520.0,34510.0,122362800.0,0.0,0.0,34510.0,122362800.0,0.0,0.0,0.0,0.0,0.0,0.0,0.0,0.0
28/12/2023,3540.0,3470.0,70.0,0.02017291,3500.0,3590.0,3500.0,122238.0,432040000.0,0.0,0.0,122238.0,432040000.0,0.0,0.0,0.0,0.0,0.0,0.0,0.0,0.0
27/12/2023,3470.0,3500.0,-30.0,-0.00857143,3500.0,3510.0,3470.0,32904.0,114705880.0,0.0,0.0,32904.0,114705880.0,0.0,0.0,0.0,0.0,0.0,0.0,0.0,0.0
26/12/2023,3500.0,3500.0,0.0,0.0,3490.0,3500.0,3470.0,5915.0,20563500.0,0.0,0.0,5915.0,20563500.0,0.0,0.0,0.0,0.0,0.0,0.0,0.0,0.0
25/12/2023,3500.0,3470.0,30.0,0.00864553,3500.0,3510.0,3450.0,10002.0,34800000.0,0.0,0.0,10002.0,34800000.0,0.0,0.0,0.0,0.0,0.0,0.0,0.0,0.0
22/12/2023,3470.0,3500.0,-30.0,-0.00857143,3470.0,3500.0,3470.0,21300.0,74113000.0,0.0,0.0,21300.0,74113000.0,0.0,0.0,0.0,0.0,0.0,0.0,0.0,0.0
21/12/2023,3500.0,3500.0,0.0,0.0,3480.0,3500.0,3470.0,9700.0,33781000.0,0.0,0.0,9700.0,33781000.0,100.0,-100.0,0.0,0.0,347000.0,-347000.0,0.0,0.0
20/12/2023,3500.0,3500.0,0.0,0.0,3520.0,3520.0,3460.0,11300.0,39492000.0,0.0,0.0,11300.0,39492000.0,-2400.0,100.0,0.0,2300.0,-8400000.0,350000.0,0.0,8050000.0
19/12/2023,3500.0,3510.0,-10.0,-0.002849,3520.0,3520.0,3450.0,32110.0,111402630.0,0.0,0.0,32110.0,111402630.0,0.0,0.0,0.0,0.0,0.0,0.0,0.0,0.0
18/12/2023,3510.0,3520.0,-10.0,-0.00284091,3540.0,3540.0,3280.0,32010.0,110624000.0,0.0,0.0,32010.0,110624000.0,400.0,-100.0,0.0,-300.0,1404000.0,-351000.0,0.0,-1053000.0
15/12/2023,3520.0,3520.0,0.0,0.0,3500.0,3520.0,3470.0,6654.0,23168660.0,0.0,0.0,6654.0,23168660.0,254.0,-254.0,0.0,0.0,876660.0,-876660.0,0.0,0.0
14/12/2023,3520.0,3480.0,40.0,0.01149425,3510.0,3520.0,3470.0,49518.0,173184240.0,0.0,0.0,49518.0,173184240.0,-2000.0,0.0,0.0,2000.0,-7000000.0,0.0,0.0,7000000.0
13/12/2023,3480.0,3520.0,-40.0,-0.01136364,3520.0,3540.0,3470.0,14500.0,50828000.0,0.0,0.0,14500.0,50828000.0,0.0,0.0,0.0,0.0,0.0,0.0,0.0,0.0
12/12/2023,3520.0,3530.0,-10.0,-0.00283286,3520.0,3530.0,3460.0,30510.0,106864300.0,0.0,0.0,30510.0,106864300.0,1600.0,-1600.0,0.0,0.0,5600000.0,-5600000.0,0.0,0.0
11/12/2023,3530.0,3530.0,0.0,0.0,3530.0,3540.0,3500.0,7535.0,26559450.0,0.0,0.0,7535.0,26559450.0,-1000.0,1000.0,0.0,0.0,-3522000.0,3522000.0,0.0,0.0
08/12/2023,3530.0,3540.0,-10.0,-0.00282486,3530.0,3540.0,3500.0,22837.0,80465810.0,0.0,0.0,22837.0,80465810.0,-4600.0,0.0,0.0,4600.0,-16269000.0,0.0,0.0,16269000.0
07/12/2023,3540.0,3540.0,0.0,0.0,3540.0,3570.0,3500.0,19500.0,68980000.0,0.0,0.0,19500.0,68980000.0,-3400.0,0.0,0.0,3400.0,-12033000.0,0.0,0.0,12033000.0
06/12/2023,3540.0,3530.0,10.0,0.00283286,3530.0,3550.0,3500.0,21102.0,74280060.0,0.0,0.0,21102.0,74280060.0,0.0,0.0,0.0,0.0,0.0,0.0,0.0,0.0
05/12/2023,3530.0,3550.0,-20.0,-0.0056338,3540.0,3550.0,3510.0,25244.0,89104780.0,0.0,0.0,25244.0,89104780.0,0.0,0.0,0.0,0.0,0.0,0.0,0.0,0.0
04/12/2023,3550.0,3550.0,0.0,0.0,3550.0,3550.0,3480.0,18960.0,66914520.0,0.0,0.0,18960.0,66914520.0,8.0,0.0,0.0,-8.0,28320.0,0.0,0.0,-28320.0
01/12/2023,3550.0,3500.0,50.0,0.01428571,3500.0,3550.0,3460.0,46200.0,161140000.0,0.0,0.0,46200.0,161140000.0,100.0,-100.0,0.0,0.0,346000.0,-346000.0,0.0,0.0
30/11/2023,3500.0,3530.0,-30.0,-0.00849858,3560.0,3560.0,3500.0,19964.0,69972440.0,0.0,0.0,19964.0,69972440.0,100.0,-100.0,0.0,0.0,351000.0,-351000.0,0.0,0.0
29/11/2023,3530.0,3500.0,30.0,0.00857143,3480.0,3540.0,3480.0,26900.0,94416000.0,0.0,0.0,26900.0,94416000.0,0.0,0.0,0.0,0.0,0.0,0.0,0.0,0.0
28/11/2023,3500.0,3530.0,-30.0,-0.00849858,3530.0,3540.0,3490.0,12306.0,43159000.0,0.0,0.0,12306.0,43159000.0,0.0,0.0,0.0,0.0,0.0,0.0,0.0,0.0
27/11/2023,3530.0,3540.0,-10.0,-0.00282486,3550.0,3560.0,3470.0,41300.0,144923000.0,0.0,0.0,41300.0,144923000.0,0.0,0.0,0.0,0.0,0.0,0.0,0.0,0.0
24/11/2023,3540.0,3580.0,-40.0,-0.01117318,3550.0,3590.0,3530.0,21205.0,75417750.0,0.0,0.0,21205.0,75417750.0,-100.0,100.0,0.0,0.0,-356000.0,356000.0,0.0,0.0
23/11/2023,3580.0,3590.0,-10.0,-0.00278552,3560.0,3600.0,3560.0,47909.0,171378400.0,0.0,0.0,47909.0,171378400.0,0.0,0.0,0.0,0.0,0.0,0.0,0.0,0.0
22/11/2023,3590.0,3590.0,0.0,0.0,3550.0,3590.0,3510.0,34268.0,121136640.0,0.0,0.0,34268.0,121136640.0,0.0,0.0,0.0,0.0,0.0,0.0,0.0,0.0
21/11/2023,3590.0,3590.0,0.0,0.0,3560.0,3590.0,3560.0,53200.0,190064000.0,0.0,0.0,53200.0,190064000.0,0.0,0.0,0.0,0.0,0.0,0.0,0.0,0.0
20/11/2023,3590.0,3590.0,0.0,0.0,3510.0,3590.0,3510.0,23804.0,84300160.0,0.0,0.0,23804.0,84300160.0,0.0,0.0,0.0,0.0,0.0,0.0,0.0,0.0
17/11/2023,3590.0,3590.0,0.0,0.0,3590.0,3600.0,3550.0,50450.0,180521000.0,0.0,0.0,50450.0,180521000.0,0.0,0.0,0.0,0.0,0.0,0.0,0.0,0.0
16/11/2023,3590.0,3590.0,0.0,0.0,3580.0,3600.0,3570.0,12318.0,44081480.0,0.0,0.0,12318.0,44081480.0,0.0,0.0,0.0,0.0,0.0,0.0,0.0,0.0
15/11/2023,3590.0,3580.0,10.0,0.0027933,3600.0,3610.0,3570.0,75301.0,270310550.0,0.0,0.0,75301.0,270310550.0,-400.0,0.0,0.0,400.0,-1440000.0,0.0,0.0,1440000.0
14/11/2023,3580.0,3620.0,-40.0,-0.01104972,3610.0,3610.0,3560.0,23819.0,85220960.0,0.0,0.0,23819.0,85220960.0,0.0,0.0,0.0,0.0,0.0,0.0,0.0,0.0
13/11/2023,3620.0,3620.0,0.0,0.0,3640.0,3640.0,3520.0,20302.0,72915250.0,0.0,0.0,20302.0,72915250.0,0.0,0.0,0.0,0.0,0.0,0.0,0.0,0.0
10/11/2023,3620.0,3610.0,10.0,0.00277008,3610.0,3630.0,3500.0,65405.0,234946000.0,0.0,0.0,65405.0,234946000.0,0.0,0.0,0.0,0.0,0.0,0.0,0.0,0.0
09/11/2023,3610.0,3600.0,10.0,0.00277778,3600.0,3640.0,3570.0,94989.0,342649230.0,0.0,0.0,94989.0,342649230.0,0.0,0.0,0.0,0.0,0.0,0.0,0.0,0.0
08/11/2023,3600.0,3580.0,20.0,0.00558659,3570.0,3600.0,3500.0,64500.0,230090000.0,0.0,0.0,64500.0,230090000.0,0.0,0.0,0.0,0.0,0.0,0.0,0.0,0.0
07/11/2023,3580.0,3570.0,10.0,0.00280112,3600.0,3600.0,3580.0,1800.0,6453000.0,0.0,0.0,1800.0,6453000.0,0.0,0.0,0.0,0.0,0.0,0.0,0.0,0.0
06/11/2023,3570.0,3570.0,0.0,0.0,3640.0,3640.0,3530.0,8711.0,31127390.0,0.0,0.0,8711.0,31127390.0,0.0,0.0,0.0,0.0,0.0,0.0,0.0,0.0
03/11/2023,3570.0,3660.0,-90.0,-0.02459016,3650.0,3650.0,3550.0,14150.0,50919580.0,0.0,0.0,14150.0,50919580.0,0.0,0.0,0.0,0.0,0.0,0.0,0.0,0.0
02/11/2023,3660.0,3530.0,130.0,0.0368272,3540.0,3660.0,3500.0,196000.0,695080000.0,0.0,0.0,196000.0,695080000.0,30000.0,0.0,0.0,-30000.0,106106000.0,0.0,0.0,-106106000.0
01/11/2023,3530.0,3520.0,10.0,0.00284091,3430.0,3540.0,3430.0,82909.0,289917610.0,0.0,0.0,82909.0,289917610.0,100.0,-100.0,0.0,0.0,343000.0,-343000.0,0.0,0.0
31/10/2023,3520.0,3510.0,10.0,0.002849,3500.0,3530.0,3450.0,63010.0,220664020.0,0.0,0.0,63010.0,220664020.0,3.0,-3.0,0.0,0.0,10060.0,-10060.0,0.0,0.0
30/10/2023,3510.0,3440.0,70.0,0.02034884,3390.0,3560.0,3250.0,143300.0,500098000.0,0.0,0.0,143300.0,500098000.0,100.0,-100.0,0.0,0.0,325000.0,-325000.0,0.0,0.0
27/10/2023,3440.0,3390.0,50.0,0.01474926,3390.0,3550.0,3390.0,51100.0,173679000.0,0.0,0.0,51100.0,173679000.0,0.0,0.0,0.0,0.0,0.0,0.0,0.0,0.0
26/10/2023,3390.0,3510.0,-120.0,-0.03418803,3510.0,3510.0,3370.0,51688.0,175182060.0,0.0,0.0,51688.0,175182060.0,0.0,0.0,0.0,0.0,0.0,0.0,0.0,0.0
25/10/2023,3510.0,3510.0,0.0,0.0,3510.0,3540.0,3500.0,18440.0,64767600.0,0.0,0.0,18440.0,64767600.0,0.0,0.0,0.0,0.0,0.0,0.0,0.0,0.0
24/10/2023,3510.0,3500.0,10.0,0.00285714,3580.0,3580.0,3460.0,4300.0,15044000.0,0.0,0.0,4300.0,15044000.0,0.0,0.0,0.0,0.0,0.0,0.0,0.0,0.0
23/10/2023,3500.0,3500.0,0.0,0.0,3500.0,3530.0,3460.0,30213.0,105389370.0,0.0,0.0,30213.0,105389370.0,-100.0,100.0,0.0,0.0,-350000.0,350000.0,0.0,0.0
20/10/2023,3500.0,3460.0,40.0,0.01156069,3450.0,3540.0,3400.0,39007.0,135024740.0,0.0,0.0,39007.0,135024740.0,0.0,0.0,0.0,0.0,-5000.0,5000.0,0.0,0.0
19/10/2023,3460.0,3440.0,20.0,0.00581395,3440.0,3650.0,3400.0,77311.0,266334780.0,0.0,0.0,77311.0,266334780.0,0.0,0.0,0.0,0.0,0.0,0.0,0.0,0.0
18/10/2023,3440.0,3590.0,-150.0,-0.04178273,3590.0,3590.0,3400.0,48116.0,167573200.0,0.0,0.0,48116.0,167573200.0,0.0,0.0,0.0,0.0,0.0,0.0,0.0,0.0
17/10/2023,3590.0,3600.0,-10.0,-0.00277778,3550.0,3610.0,3550.0,20262.0,72746800.0,0.0,0.0,20262.0,72746800.0,0.0,0.0,0.0,0.0,0.0,0.0,0.0,0.0
16/10/2023,3600.0,3620.0,-20.0,-0.00552486,3630.0,3630.0,3540.0,50200.0,179424000.0,0.0,0.0,50200.0,179424000.0,0.0,0.0,0.0,0.0,0.0,0.0,0.0,0.0
13/10/2023,3620.0,3660.0,-40.0,-0.01092896,3590.0,3650.0,3530.0,29115.0,104712360.0,0.0,0.0,29115.0,104712360.0,100.0,-100.0,0.0,0.0,363000.0,-363000.0,0.0,0.0
12/10/2023,3660.0,3590.0,70.0,0.01949861,3590.0,3680.0,3590.0,82763.0,300426260.0,0.0,0.0,82763.0,300426260.0,0.0,0.0,0.0,0.0,0.0,0.0,0.0,0.0
11/10/2023,3590.0,3600.0,-10.0,-0.00277778,3600.0,3620.0,3540.0,46952.0,167616280.0,0.0,0.0,46952.0,167616280.0,0.0,0.0,0.0,0.0,0.0,0.0,0.0,0.0
10/10/2023,3600.0,3380.0,220.0,0.06508876,3390.0,3610.0,3330.0,298518.0,1028615790.0,0.0,0.0,298518.0,1028615790.0,0.0,0.0,0.0,0.0,18000.0,-18000.0,0.0,0.0
09/10/2023,3380.0,3370.0,10.0,0.00296736,3390.0,3450.0,3370.0,10831.0,36867710.0,0.0,0.0,10831.0,36867710.0,0.0,0.0,0.0,0.0,0.0,0.0,0.0,0.0
06/10/2023,3370.0,3370.0,0.0,0.0,3350.0,3390.0,3300.0,37721.0,125977610.0,0.0,0.0,37721.0,125977610.0,-12900.0,0.0,0.0,12900.0,-43215000.0,0.0,0.0,43215000.0
05/10/2023,3370.0,3380.0,-10.0,-0.00295858,3400.0,3410.0,3340.0,11803.0,39853220.0,0.0,0.0,11803.0,39853220.0,100.0,-100.0,0.0,0.0,337000.0,-337000.0,0.0,0.0
04/10/2023,3380.0,3380.0,0.0,0.0,3370.0,3390.0,3300.0,35945.0,120346780.0,0.0,0.0,35945.0,120346780.0,0.0,0.0,0.0,0.0,0.0,0.0,0.0,0.0
03/10/2023,3380.0,3470.0,-90.0,-0.0259366,3400.0,3490.0,3230.0,60713.0,202521960.0,0.0,0.0,60713.0,202521960.0,-5400.0,0.0,0.0,5400.0,-17816000.0,0.0,0.0,17816000.0
02/10/2023,3470.0,3440.0,30.0,0.00872093,3380.0,3520.0,3380.0,7605.0,26285470.0,0.0,0.0,7605.0,26285470.0,0.0,0.0,0.0,0.0,0.0,0.0,0.0,0.0
29/09/2023,3440.0,3400.0,40.0,0.01176471,3390.0,3480.0,3360.0,54300.0,184673000.0,0.0,0.0,54300.0,184673000.0,-200.0,200.0,0.0,0.0,-680000.0,680000.0,0.0,0.0
28/09/2023,3400.0,3480.0,-80.0,-0.02298851,3400.0,3490.0,3380.0,67486.0,230836710.0,0.0,0.0,67486.0,230836710.0,0.0,0.0,0.0,0.0,0.0,0.0,0.0,0.0
27/09/2023,3480.0,3450.0,30.0,0.00869565,3450.0,3480.0,3320.0,104131.0,353884010.0,0.0,0.0,104131.0,353884010.0,-9500.0,0.0,0.0,9500.0,-32259000.0,0.0,0.0,32259000.0
26/09/2023,3450.0,3510.0,-60.0,-0.01709402,3500.0,3530.0,3430.0,92017.0,318408400.0,0.0,0.0,92017.0,318408400.0,-200.0,200.0,0.0,0.0,-717000.0,717000.0,0.0,0.0
25/09/2023,3510.0,3650.0,-140.0,-0.03835616,3650.0,3650.0,3450.0,96392.0,336865190.0,0.0,0.0,96392.0,336865190.0,0.0,0.0,0.0,0.0,0.0,0.0,0.0,0.0
22/09/2023,3650.0,3680.0,-30.0,-0.00815217,3680.0,3680.0,3450.0,105204.0,374975860.0,0.0,0.0,105204.0,374975860.0,1200.0,0.0,0.0,-1200.0,4320000.0,0.0,0.0,-4320000.0
21/09/2023,3680.0,3670.0,10.0,0.0027248,3650.0,3690.0,3640.0,84306.0,308408730.0,0.0,0.0,84306.0,308408730.0,0.0,0.0,0.0,0.0,0.0,0.0,0.0,0.0
20/09/2023,3670.0,3630.0,40.0,0.01101928,3580.0,3700.0,3580.0,38490.0,139735750.0,0.0,0.0,38490.0,139735750.0,0.0,0.0,0.0,0.0,0.0,0.0,0.0,0.0
19/09/2023,3630.0,3670.0,-40.0,-0.01089918,3660.0,3660.0,3600.0,70199.0,253837700.0,0.0,0.0,70199.0,253837700.0,9.0,0.0,0.0,-9.0,32940.0,0.0,0.0,-32940.0
18/09/2023,3670.0,3660.0,10.0,0.00273224,3690.0,3700.0,3650.0,29858.0,109787270.0,0.0,0.0,29858.0,109787270.0,100.0,0.0,0.0,-100.0,368000.0,0.0,0.0,-368000.0
15/09/2023,3660.0,3630.0,30.0,0.00826446,3630.0,3780.0,3630.0,72642.0,265493270.0,0.0,0.0,72642.0,265493270.0,100.0,-100.0,0.0,0.0,366000.0,-366000.0,0.0,0.0
14/09/2023,3630.0,3740.0,-110.0,-0.02941176,3740.0,3740.0,3620.0,85318.0,313251340.0,0.0,0.0,85318.0,313251340.0,0.0,0.0,0.0,0.0,0.0,0.0,0.0,0.0
13/09/2023,3740.0,3770.0,-30.0,-0.00795756,3770.0,3770.0,3700.0,169316.0,631800320.0,0.0,0.0,169316.0,631800320.0,0.0,0.0,0.0,0.0,0.0,0.0,0.0,0.0
12/09/2023,3770.0,3770.0,0.0,0.0,3720.0,3790.0,3720.0,75600.0,284421000.0,0.0,0.0,75600.0,284421000.0,700.0,-700.0,0.0,0.0,2618000.0,-2618000.0,0.0,0.0
11/09/2023,3770.0,3810.0,-40.0,-0.0105,3830.0,3840.0,3760.0,124600.0,474670000.0,0.0,0.0,124600.0,474670000.0,-100.0,100.0,0.0,0.0,-384000.0,384000.0,0.0,0.0
08/09/2023,3810.0,3820.0,-10.0,-0.0026178,3820.0,3850.0,3800.0,135127.0,515701010.0,0.0,0.0,135127.0,515701010.0,0.0,0.0,0.0,0.0,0.0,0.0,0.0,0.0
07/09/2023,3820.0,3790.0,30.0,0.00791557,3820.0,3880.0,3790.0,140422.0,536834490.0,0.0,0.0,140422.0,536834490.0,0.0,0.0,0.0,0.0,0.0,0.0,0.0,0.0
06/09/2023,3790.0,3790.0,0.0,0.0,3840.0,3840.0,3750.0,148721.0,562575690.0,0.0,0.0,148721.0,562575690.0,0.0,0.0,0.0,0.0,0.0,0.0,0.0,0.0
05/09/2023,3790.0,3750.0,40.0,0.01066667,3750.0,3790.0,3750.0,115118.0,433434240.0,0.0,0.0,115118.0,433434240.0,0.0,0.0,0.0,0.0,0.0,0.0,0.0,0.0
31/08/2023,3750.0,3700.0,50.0,0.01351351,3730.0,3790.0,3680.0,140610.0,524603010.0,0.0,0.0,140610.0,524603010.0,0.0,0.0,0.0,0.0,0.0,0.0,0.0,0.0
30/08/2023,3700.0,3640.0,60.0,0.01648352,3640.0,3710.0,3640.0,99800.0,367304000.0,0.0,0.0,99800.0,367304000.0,-5200.0,0.0,0.0,5200.0,-18980000.0,0.0,0.0,18980000.0
29/08/2023,3640.0,3620.0,20.0,0.00552486,3700.0,3710.0,3610.0,68373.0,248444230.0,0.0,0.0,68373.0,248444230.0,0.0,0.0,0.0,0.0,0.0,0.0,0.0,0.0
28/08/2023,3620.0,3620.0,0.0,0.0,3600.0,3750.0,3590.0,75408.0,273273650.0,0.0,0.0,75408.0,273273650.0,0.0,0.0,0.0,0.0,0.0,0.0,0.0,0.0
25/08/2023,3620.0,3630.0,-10.0,-0.00275482,3630.0,3660.0,3610.0,86100.0,312149000.0,0.0,0.0,86100.0,312149000.0,-1300.0,1300.0,0.0,0.0,-4705000.0,4705000.0,0.0,0.0
24/08/2023,3630.0,3610.0,20.0,0.00554017,3660.0,3660.0,3580.0,35429.0,127726470.0,0.0,0.0,35429.0,127726470.0,100.0,-100.0,0.0,0.0,361000.0,-361000.0,0.0,0.0
23/08/2023,3610.0,3560.0,50.0,0.01404494,3630.0,3630.0,3510.0,94212.0,333755250.0,0.0,0.0,94212.0,333755250.0,-300.0,300.0,0.0,0.0,-1059000.0,1059000.0,0.0,0.0
22/08/2023,3560.0,3600.0,-40.0,-0.01111111,3600.0,3690.0,3360.0,188112.0,657965320.0,0.0,0.0,188112.0,657965320.0,-200.0,200.0,0.0,0.0,-722000.0,722000.0,0.0,0.0
21/08/2023,3600.0,3730.0,-130.0,-0.03485255,3730.0,3730.0,3470.0,199303.0,711648190.0,0.0,0.0,199303.0,711648190.0,0.0,0.0,0.0,0.0,0.0,0.0,0.0,0.0
18/08/2023,3730.0,4010.0,-280.0,-0.0698,4000.0,4070.0,3730.0,471376.0,1817533200.0,0.0,0.0,471376.0,1817533200.0,0.0,0.0,0.0,0.0,0.0,0.0,0.0,0.0
17/08/2023,4010.0,4120.0,-110.0,-0.02669903,4130.0,4130.0,4000.0,283714.0,1155973430.0,0.0,0.0,283714.0,1155973430.0,0.0,0.0,0.0,0.0,0.0,0.0,0.0,0.0
16/08/2023,4120.0,4150.0,-30.0,-0.00722892,4130.0,4170.0,4100.0,121359.0,500744240.0,0.0,0.0,121359.0,500744240.0,0.0,0.0,0.0,0.0,0.0,0.0,0.0,0.0
15/08/2023,4150.0,4150.0,0.0,0.0,4190.0,4200.0,4140.0,151727.0,632552050.0,0.0,0.0,151727.0,632552050.0,-100.0,100.0,0.0,0.0,-418000.0,418000.0,0.0,0.0
14/08/2023,4150.0,4110.0,40.0,0.00973236,4120.0,4160.0,4080.0,344175.0,1415195200.0,0.0,0.0,344175.0,1415195200.0,0.0,0.0,0.0,0.0,0.0,0.0,0.0,0.0
11/08/2023,4110.0,4180.0,-70.0,-0.01674641,4160.0,4200.0,4060.0,263643.0,1083980760.0,0.0,0.0,263643.0,1083980760.0,0.0,0.0,0.0,0.0,0.0,0.0,0.0,0.0
10/08/2023,4180.0,4250.0,-70.0,-0.01647059,4290.0,4290.0,4150.0,305868.0,1280386840.0,0.0,0.0,305868.0,1280386840.0,-200.0,200.0,0.0,0.0,-836000.0,836000.0,0.0,0.0
09/08/2023,4250.0,4210.0,40.0,0.00950119,4350.0,4350.0,4220.0,403554.0,1732165180.0,0.0,0.0,403554.0,1732165180.0,1700.0,-1700.0,0.0,0.0,7264000.0,-7264000.0,0.0,0.0
08/08/2023,4210.0,4010.0,200.0,0.04987531,4030.0,4230.0,4030.0,841029.0,3520071540.0,0.0,0.0,841029.0,3520071540.0,1100.0,-1100.0,0.0,0.0,4610000.0,-4610000.0,0.0,0.0
07/08/2023,4010.0,3980.0,30.0,0.00753769,4000.0,4040.0,3990.0,324913.0,1302799000.0,0.0,0.0,324913.0,1302799000.0,1800.0,1800.0,0.0,-3600.0,7254000.0,7218000.0,0.0,-14472000.0
04/08/2023,3980.0,3980.0,0.0,0.0,3990.0,4000.0,3940.0,188627.0,748268750.0,0.0,0.0,188627.0,748268750.0,-1400.0,1400.0,0.0,0.0,-5558000.0,5558000.0,0.0,0.0
03/08/2023,3980.0,4000.0,-20.0,-0.005,4000.0,4020.0,3950.0,134018.0,534146200.0,0.0,0.0,134018.0,534146200.0,0.0,0.0,0.0,0.0,0.0,0.0,0.0,0.0
02/08/2023,4000.0,4000.0,0.0,0.0,3970.0,4020.0,3900.0,226412.0,898054220.0,0.0,0.0,226412.0,898054220.0,-23700.0,20000.0,0.0,3700.0,-94800000.0,80000000.0,0.0,14800000.0
01/08/2023,4000.0,4070.0,-70.0,-0.01719902,4070.0,4070.0,3980.0,199201.0,801395080.0,0.0,0.0,199201.0,801395080.0,0.0,0.0,0.0,0.0,0.0,0.0,0.0,0.0
31/07/2023,4070.0,4040.0,30.0,0.00742574,4160.0,4160.0,4030.0,221516.0,908727300.0,0.0,0.0,221516.0,908727300.0,2200.0,-200.0,0.0,-2000.0,9138000.0,-838000.0,0.0,-8300000.0
28/07/2023,4040.0,3950.0,90.0,0.0228,4010.0,4110.0,3920.0,481611.0,1935087400.0,0.0,0.0,481611.0,1935087400.0,0.0,0.0,0.0,0.0,0.0,0.0,0.0,0.0
27/07/2023,3950.0,3960.0,-10.0,-0.00252525,3970.0,4000.0,3940.0,160554.0,636128980.0,0.0,0.0,160554.0,636128980.0,-3000.0,5000.0,0.0,-2000.0,-11880000.0,19800000.0,0.0,-7920000.0
26/07/2023,3960.0,3980.0,-20.0,-0.00502513,3990.0,4040.0,3940.0,223079.0,886893280.0,0.0,0.0,223079.0,886893280.0,0.0,0.0,0.0,0.0,0.0,0.0,0.0,0.0
25/07/2023,3980.0,4020.0,-40.0,-0.00995025,4020.0,4100.0,3980.0,229718.0,921586030.0,0.0,0.0,229718.0,921586030.0,-100.0,100.0,0.0,0.0,-400000.0,400000.0,0.0,0.0
24/07/2023,4020.0,4040.0,-20.0,-0.0049505,4040.0,4060.0,3960.0,321284.0,1286174590.0,0.0,0.0,321284.0,1286174590.0,400.0,-400.0,0.0,0.0,1613000.0,-1613000.0,0.0,0.0
21/07/2023,4040.0,4070.0,-30.0,-0.00737101,4100.0,4100.0,4020.0,185926.0,755598330.0,0.0,0.0,185926.0,755598330.0,0.0,0.0,0.0,0.0,0.0,0.0,0.0,0.0
20/07/2023,4070.0,4050.0,20.0,0.00493827,4060.0,4100.0,4030.0,222978.0,905936650.0,0.0,0.0,222978.0,905936650.0,2000.0,0.0,0.0,-2000.0,8180000.0,0.0,0.0,-8180000.0
19/07/2023,4050.0,4030.0,20.0,0.00496278,3980.0,4060.0,3960.0,271653.0,1088022600.0,0.0,0.0,271653.0,1088022600.0,2100.0,0.0,0.0,-2100.0,8484000.0,0.0,0.0,-8484000.0
18/07/2023,4030.0,4050.0,-20.0,-0.00493827,4050.0,4070.0,3980.0,130890.0,526556600.0,0.0,0.0,130890.0,526556600.0,0.0,0.0,0.0,0.0,0.0,0.0,0.0,0.0
17/07/2023,4050.0,4000.0,50.0,0.0125,4080.0,4080.0,4010.0,166330.0,672625990.0,0.0,0.0,166330.0,672625990.0,400.0,-400.0,0.0,0.0,1616000.0,-1616000.0,0.0,0.0
14/07/2023,4000.0,3970.0,30.0,0.00755668,3970.0,4010.0,3970.0,236547.0,942200270.0,0.0,0.0,236547.0,942200270.0,0.0,0.0,0.0,0.0,0.0,0.0,0.0,0.0
13/07/2023,3970.0,3930.0,40.0,0.01017812,3920.0,3990.0,3920.0,93627.0,371272370.0,0.0,0.0,93627.0,371272370.0,200.0,-200.0,0.0,0.0,790000.0,-790000.0,0.0,0.0
12/07/2023,3930.0,3950.0,-20.0,-0.00506329,3940.0,4020.0,3920.0,75502.0,297770650.0,0.0,0.0,75502.0,297770650.0,1900.0,0.0,0.0,-1900.0,7467000.0,0.0,0.0,-7467000.0
11/07/2023,3950.0,3940.0,10.0,0.00253807,3910.0,4040.0,3910.0,125815.0,499647730.0,0.0,0.0,125815.0,499647730.0,1100.0,0.0,0.0,-1100.0,4345000.0,0.0,0.0,-4345000.0
10/07/2023,3940.0,3910.0,30.0,0.00767263,3950.0,3960.0,3800.0,122550.0,480387500.0,0.0,0.0,122550.0,480387500.0,0.0,0.0,0.0,0.0,0.0,0.0,0.0,0.0
07/07/2023,3910.0,3910.0,0.0,0.0,3900.0,3960.0,3900.0,95070.0,372046000.0,0.0,0.0,95070.0,372046000.0,0.0,0.0,0.0,0.0,0.0,0.0,0.0,0.0
06/07/2023,3910.0,3940.0,-30.0,-0.00761421,3910.0,4020.0,3900.0,105901.0,417597020.0,0.0,0.0,105901.0,417597020.0,0.0,0.0,0.0,0.0,0.0,0.0,0.0,0.0
05/07/2023,3940.0,3880.0,60.0,0.01546392,3900.0,3960.0,3870.0,101231.0,396528520.0,0.0,0.0,101231.0,396528520.0,-14800.0,0.0,0.0,14800.0,-57868000.0,0.0,0.0,57868000.0
04/07/2023,3880.0,3810.0,70.0,0.0183727,3830.0,3900.0,3830.0,70423.0,272209860.0,0.0,0.0,70423.0,272209860.0,0.0,0.0,0.0,0.0,0.0,0.0,0.0,0.0
03/07/2023,3810.0,3820.0,-10.0,-0.0026178,3900.0,3910.0,3790.0,116512.0,445961180.0,0.0,0.0,116512.0,445961180.0,-1000.0,0.0,0.0,1000.0,-3850000.0,0.0,0.0,3850000.0
30/06/2023,3820.0,3920.0,-100.0,-0.0255102,3950.0,3970.0,3820.0,146906.0,564886520.0,0.0,0.0,146906.0,564886520.0,0.0,0.0,0.0,0.0,0.0,0.0,0.0,0.0
29/06/2023,3920.0,3900.0,20.0,0.00512821,3900.0,3970.0,3830.0,201798.0,781442780.0,0.0,0.0,201798.0,781442780.0,100.0,0.0,0.0,-100.0,390000.0,0.0,0.0,-390000.0
28/06/2023,3900.0,3980.0,-80.0,-0.0201005,3970.0,4050.0,3890.0,137074.0,539119790.0,0.0,0.0,137074.0,539119790.0,0.0,0.0,0.0,0.0,0.0,0.0,0.0,0.0
27/06/2023,3980.0,4010.0,-30.0,-0.0074813,3730.0,4070.0,3730.0,112729.0,444936390.0,0.0,0.0,112729.0,444936390.0,0.0,0.0,0.0,0.0,0.0,0.0,0.0,0.0
26/06/2023,4010.0,4080.0,-70.0,-0.01715686,4080.0,4140.0,4000.0,151080.0,607157400.0,0.0,0.0,151080.0,607157400.0,400.0,-400.0,0.0,0.0,1608000.0,-1608000.0,0.0,0.0
23/06/2023,4080.0,4070.0,10.0,0.002457,4120.0,4120.0,4050.0,209701.0,857830620.0,0.0,0.0,209701.0,857830620.0,-6500.0,0.0,0.0,6500.0,-26650000.0,0.0,0.0,26650000.0
22/06/2023,4070.0,4080.0,-10.0,-0.00245098,4050.0,4150.0,4040.0,101015.0,410173640.0,0.0,0.0,101015.0,410173640.0,54.0,-54.0,0.0,0.0,207430.0,-207430.0,0.0,0.0
21/06/2023,4080.0,4010.0,70.0,0.01745636,4010.0,4150.0,3970.0,257994.0,1038815310.0,0.0,0.0,257994.0,1038815310.0,-2900.0,-100.0,0.0,3000.0,-11748000.0,-402000.0,0.0,12150000.0
20/06/2023,4010.0,3990.0,20.0,0.00501253,3970.0,4160.0,3950.0,154226.0,617351390.0,0.0,0.0,154226.0,617351390.0,0.0,0.0,0.0,0.0,0.0,0.0,0.0,0.0
19/06/2023,3990.0,4160.0,-170.0,-0.04086538,4160.0,4300.0,3980.0,198603.0,810087450.0,0.0,0.0,198603.0,810087450.0,1400.0,-1400.0,0.0,0.0,5704000.0,-5704000.0,0.0,0.0
16/06/2023,4160.0,4320.0,-160.0,-0.03703704,4400.0,4420.0,4020.0,341231.0,1454385630.0,0.0,0.0,341231.0,1454385630.0,-300.0,300.0,0.0,0.0,-1293000.0,1293000.0,0.0,0.0
15/06/2023,4320.0,4230.0,90.0,0.0212766,4160.0,4420.0,4100.0,363668.0,1523341580.0,0.0,0.0,363668.0,1523341580.0,-100.0,0.0,0.0,100.0,-419000.0,0.0,0.0,419000.0
14/06/2023,4230.0,4540.0,-310.0,-0.06828194,4600.0,4600.0,4230.0,597126.0,2616943920.0,0.0,0.0,597126.0,2616943920.0,-27394.0,10394.0,0.0,17000.0,-121274480.0,46074480.0,0.0,75200000.0
13/06/2023,4540.0,4280.0,260.0,0.06074766,4500.0,4560.0,4320.0,764057.0,3396834060.0,0.0,0.0,764057.0,3396834060.0,500.0,-500.0,0.0,0.0,2182000.0,-2182000.0,0.0,0.0
12/06/2023,4280.0,4000.0,280.0,0.07,4000.0,4280.0,3940.0,527923.0,2186659420.0,0.0,0.0,527923.0,2186659420.0,1600.0,-800.0,0.0,-800.0,6684000.0,-3200000.0,0.0,-3484000.0
09/06/2023,4000.0,4060.0,-60.0,-0.01477833,4070.0,4100.0,3940.0,320582.0,1289655340.0,0.0,0.0,320582.0,1289655340.0,-300.0,300.0,0.0,0.0,-1221000.0,1221000.0,0.0,0.0
08/06/2023,4060.0,3860.0,200.0,0.05181347,3810.0,4130.0,3810.0,990784.0,4043737050.0,0.0,0.0,990784.0,4043737050.0,700.0,300.0,0.0,-1000.0,2942000.0,1188000.0,0.0,-4130000.0
07/06/2023,3860.0,3820.0,40.0,0.0104712,3900.0,3950.0,3800.0,310901.0,1192751530.0,0.0,0.0,310901.0,1192751530.0,-21000.0,20000.0,0.0,1000.0,-80739000.0,76899000.0,0.0,3840000.0
06/06/2023,3820.0,3720.0,100.0,0.02688172,3700.0,3840.0,3700.0,542564.0,2038493880.0,0.0,0.0,542564.0,2038493880.0,-11200.0,11200.0,0.0,0.0,-42406000.0,42406000.0,0.0,0.0
05/06/2023,3720.0,3990.0,-270.0,-0.06766917,4000.0,4100.0,3720.0,398420.0,1546814800.0,0.0,0.0,398420.0,1546814800.0,-300.0,300.0,0.0,0.0,-1188000.0,1188000.0,0.0,0.0
02/06/2023,3990.0,3990.0,0.0,0.0,4140.0,4180.0,3950.0,658911.0,2672587830.0,0.0,0.0,658911.0,2672587830.0,200.0,-200.0,0.0,0.0,808000.0,-808000.0,0.0,0.0
01/06/2023,3990.0,3820.0,170.0,0.04450262,3850.0,3990.0,3800.0,443847.0,1713748020.0,0.0,0.0,443847.0,1713748020.0,-11400.0,-200.0,0.0,11600.0,-43896000.0,-764000.0,0.0,44660000.0
31/05/2023,3820.0,3750.0,70.0,0.01866667,3800.0,3950.0,3750.0,312946.0,1205133280.0,0.0,0.0,312946.0,1205133280.0,200.0,-200.0,0.0,0.0,770000.0,-770000.0,0.0,0.0
30/05/2023,3750.0,3750.0,0.0,0.0,3800.0,3930.0,3720.0,324388.0,1225645230.0,0.0,0.0,324388.0,1225645230.0,0.0,0.0,0.0,0.0,0.0,0.0,0.0,0.0
29/05/2023,3750.0,3510.0,240.0,0.06837607,3550.0,3750.0,3550.0,502387.0,1840917450.0,0.0,0.0,502387.0,1840917450.0,2400.0,-1400.0,0.0,-1000.0,8822000.0,-5182000.0,0.0,-3640000.0
26/05/2023,3510.0,3520.0,-10.0,-0.00284091,3560.0,3570.0,3480.0,228737.0,807065520.0,0.0,0.0,228737.0,807065520.0,-1400.0,0.0,0.0,1400.0,-4940000.0,0.0,0.0,4940000.0
25/05/2023,3520.0,3420.0,100.0,0.02923977,3420.0,3550.0,3360.0,344619.0,1195217220.0,0.0,0.0,344619.0,1195217220.0,900.0,100.0,0.0,-1000.0,3156000.0,344000.0,0.0,-3500000.0
24/05/2023,3420.0,3350.0,70.0,0.02089552,3360.0,3440.0,3360.0,146635.0,500744370.0,0.0,0.0,146635.0,500744370.0,500.0,-500.0,0.0,0.0,1715000.0,-1715000.0,0.0,0.0
23/05/2023,3350.0,3400.0,-50.0,-0.01470588,3430.0,3460.0,3310.0,150568.0,513419880.0,0.0,0.0,150568.0,513419880.0,0.0,1000.0,0.0,-1000.0,17000.0,3443000.0,0.0,-3460000.0
22/05/2023,3400.0,3360.0,40.0,0.01190476,3370.0,3440.0,3310.0,237540.0,804630400.0,0.0,0.0,237540.0,804630400.0,700.0,-100.0,0.0,-600.0,2399000.0,-335000.0,0.0,-2064000.0
19/05/2023,3360.0,3400.0,-40.0,-0.01176471,3400.0,3460.0,3280.0,223970.0,750995350.0,0.0,0.0,223970.0,750995350.0,0.0,0.0,0.0,0.0,4000.0,-4000.0,0.0,0.0
18/05/2023,3400.0,3500.0,-100.0,-0.02857143,3500.0,3510.0,3400.0,327140.0,1122832300.0,0.0,0.0,327140.0,1122832300.0,0.0,0.0,0.0,0.0,0.0,0.0,0.0,0.0
17/05/2023,3500.0,3450.0,50.0,0.01449275,3450.0,3550.0,3410.0,426503.0,1482241680.0,0.0,0.0,426503.0,1482241680.0,1100.0,-100.0,0.0,-1000.0,3892000.0,-362000.0,0.0,-3530000.0
16/05/2023,3450.0,3450.0,0.0,0.0,3640.0,3650.0,3390.0,502357.0,1756604500.0,0.0,0.0,502357.0,1756604500.0,600.0,-600.0,0.0,0.0,2097000.0,-2097000.0,0.0,0.0
15/05/2023,3450.0,3230.0,220.0,0.06811146,3450.0,3450.0,3400.0,764327.0,2636179760.0,0.0,0.0,764327.0,2636179760.0,1000.0,0.0,0.0,-1000.0,3450000.0,0.0,0.0,-3450000.0
12/05/2023,3230.0,3020.0,210.0,0.06953642,3060.0,3230.0,3050.0,585842.0,1853947600.0,0.0,0.0,585842.0,1853947600.0,1900.0,100.0,0.0,-2000.0,6017000.0,323000.0,0.0,-6340000.0
11/05/2023,3020.0,3000.0,20.0,0.00666667,3000.0,3070.0,3000.0,177586.0,539640080.0,0.0,0.0,177586.0,539640080.0,700.0,-100.0,0.0,-600.0,2147000.0,-305000.0,0.0,-1842000.0
10/05/2023,3000.0,2900.0,100.0,0.03448276,2860.0,3040.0,2850.0,160408.0,475948340.0,0.0,0.0,160408.0,475948340.0,1400.0,-400.0,0.0,-1000.0,4094000.0,-1164000.0,0.0,-2930000.0
09/05/2023,2900.0,2920.0,-20.0,-0.00684932,2900.0,2910.0,2870.0,29850.0,86596840.0,0.0,0.0,29850.0,86596840.0,-100.0,100.0,0.0,0.0,-292000.0,292000.0,0.0,0.0
08/05/2023,2920.0,2860.0,60.0,0.02097902,2840.0,2940.0,2840.0,81450.0,237324510.0,0.0,0.0,81450.0,237324510.0,1200.0,-200.0,0.0,-1000.0,3486000.0,-576000.0,0.0,-2910000.0
05/05/2023,2860.0,2870.0,-10.0,-0.00348432,2870.0,2880.0,2810.0,25569.0,72790150.0,0.0,0.0,25569.0,72790150.0,600.0,-600.0,0.0,0.0,1717000.0,-1717000.0,0.0,0.0
04/05/2023,2870.0,2810.0,60.0,0.02135231,2800.0,2890.0,2710.0,58700.0,166516000.0,0.0,0.0,58700.0,166516000.0,0.0,0.0,0.0,0.0,0.0,0.0,0.0,0.0
28/04/2023,2810.0,2890.0,-80.0,-0.02768166,2900.0,2900.0,2800.0,60204.0,171548540.0,0.0,0.0,60204.0,171548540.0,-100.0,100.0,0.0,0.0,-284000.0,284000.0,0.0,0.0
27/04/2023,2890.0,2890.0,0.0,0.0,2890.0,2910.0,2690.0,83900.0,233943000.0,0.0,0.0,83900.0,233943000.0,-200.0,200.0,0.0,0.0,-581000.0,581000.0,0.0,0.0
26/04/2023,2890.0,2890.0,0.0,0.0,2890.0,2910.0,2830.0,35567.0,101470150.0,0.0,0.0,35567.0,101470150.0,-200.0,200.0,0.0,0.0,-578000.0,578000.0,0.0,0.0
25/04/2023,2890.0,2880.0,10.0,0.00347222,2930.0,2950.0,2880.0,108310.0,315955320.0,0.0,0.0,108310.0,315955320.0,-200.0,200.0,0.0,0.0,-586000.0,586000.0,0.0,0.0
24/04/2023,2880.0,2700.0,180.0,0.06666667,2750.0,2880.0,2730.0,176800.0,504126000.0,0.0,0.0,176800.0,504126000.0,700.0,300.0,0.0,-1000.0,2018000.0,862000.0,0.0,-2880000.0
21/04/2023,2700.0,2840.0,-140.0,-0.04929577,2830.0,2890.0,2700.0,98107.0,274316150.0,0.0,0.0,98107.0,274316150.0,0.0,0.0,0.0,0.0,0.0,0.0,0.0,0.0
20/04/2023,2840.0,2850.0,-10.0,-0.00350877,2840.0,2850.0,2820.0,32403.0,91925550.0,0.0,0.0,32403.0,91925550.0,100.0,-100.0,0.0,0.0,283000.0,-283000.0,0.0,0.0
19/04/2023,2850.0,2840.0,10.0,0.00352113,2850.0,2870.0,2810.0,44840.0,127090550.0,0.0,0.0,44840.0,127090550.0,100.0,-100.0,0.0,0.0,281000.0,-281000.0,0.0,0.0
18/04/2023,2840.0,2850.0,-10.0,-0.00350877,2860.0,2880.0,2810.0,35302.0,100153780.0,0.0,0.0,35302.0,100153780.0,0.0,0.0,0.0,0.0,0.0,0.0,0.0,0.0
17/04/2023,2850.0,2880.0,-30.0,-0.01041667,2820.0,2890.0,2810.0,8713.0,24815960.0,0.0,0.0,8713.0,24815960.0,-100.0,0.0,0.0,100.0,-285000.0,0.0,0.0,285000.0
14/04/2023,2880.0,2900.0,-20.0,-0.00689655,2920.0,2920.0,2810.0,33216.0,95308420.0,0.0,0.0,33216.0,95308420.0,-200.0,200.0,0.0,0.0,-580000.0,580000.0,0.0,0.0
13/04/2023,2900.0,2910.0,-10.0,-0.00343643,2890.0,2920.0,2860.0,66723.0,193322910.0,0.0,0.0,66723.0,193322910.0,-700.0,800.0,0.0,-100.0,-2037000.0,2328000.0,0.0,-291000.0
12/04/2023,2910.0,2930.0,-20.0,-0.00682594,2930.0,2930.0,2870.0,27936.0,81287130.0,0.0,0.0,27936.0,81287130.0,1100.0,-800.0,0.0,-300.0,3173000.0,-2309000.0,0.0,-864000.0
11/04/2023,2930.0,2930.0,0.0,0.0,2940.0,2940.0,2860.0,57503.0,167273670.0,0.0,0.0,57503.0,167273670.0,0.0,0.0,0.0,0.0,0.0,0.0,0.0,0.0
10/04/2023,2930.0,2930.0,0.0,0.0,2900.0,2980.0,2900.0,50119.0,146738780.0,0.0,0.0,50119.0,146738780.0,700.0,-700.0,0.0,0.0,2057000.0,-2057000.0,0.0,0.0
07/04/2023,2930.0,2930.0,0.0,0.0,2910.0,2950.0,2810.0,23911.0,69431200.0,0.0,0.0,23911.0,69431200.0,400.0,0.0,0.0,-400.0,1161000.0,0.0,0.0,-1161000.0
06/04/2023,2930.0,2880.0,50.0,0.01736111,2860.0,2950.0,2860.0,152915.0,445664860.0,0.0,0.0,152915.0,445664860.0,1500.0,-500.0,0.0,-1000.0,4378000.0,-1458000.0,0.0,-2920000.0
05/04/2023,2880.0,2830.0,50.0,0.01766784,2820.0,2890.0,2810.0,40051.0,114652830.0,0.0,0.0,40051.0,114652830.0,1300.0,-300.0,0.0,-1000.0,3718000.0,-848000.0,0.0,-2870000.0
04/04/2023,2830.0,2810.0,20.0,0.00711744,2840.0,2840.0,2790.0,60027.0,168374140.0,0.0,0.0,60027.0,168374140.0,0.0,0.0,0.0,0.0,0.0,0.0,0.0,0.0
03/04/2023,2810.0,2690.0,120.0,0.04460967,2800.0,2820.0,2750.0,73310.0,204375800.0,0.0,0.0,73310.0,204375800.0,-100.0,1100.0,0.0,-1000.0,-277000.0,3047000.0,0.0,-2770000.0
31/03/2023,2690.0,2890.0,-200.0,-0.06920415,2890.0,2910.0,2690.0,237700.0,646575000.0,0.0,0.0,237700.0,646575000.0,0.0,0.0,0.0,0.0,0.0,0.0,0.0,0.0
30/03/2023,2890.0,2890.0,0.0,0.0,2890.0,2930.0,2860.0,104822.0,302316240.0,0.0,0.0,104822.0,302316240.0,400.0,-400.0,0.0,0.0,1144000.0,-1144000.0,0.0,0.0
29/03/2023,2890.0,2930.0,-40.0,-0.01365188,2940.0,2940.0,2890.0,14660.0,42545800.0,0.0,0.0,14660.0,42545800.0,0.0,0.0,0.0,0.0,0.0,0.0,0.0,0.0
28/03/2023,2930.0,2930.0,0.0,0.0,2910.0,2950.0,2890.0,42200.0,123305000.0,0.0,0.0,42200.0,123305000.0,-9000.0,9000.0,0.0,0.0,-26460000.0,26460000.0,0.0,0.0
27/03/2023,2930.0,2930.0,0.0,0.0,2940.0,2940.0,2880.0,32529.0,95257970.0,0.0,0.0,32529.0,95257970.0,0.0,0.0,0.0,0.0,0.0,0.0,0.0,0.0
24/03/2023,2930.0,2920.0,10.0,0.00342466,2900.0,2930.0,2860.0,49400.0,142956000.0,0.0,0.0,49400.0,142956000.0,200.0,-200.0,0.0,0.0,578000.0,-578000.0,0.0,0.0
23/03/2023,2920.0,2940.0,-20.0,-0.00680272,2930.0,2930.0,2900.0,6900.0,20117000.0,0.0,0.0,6900.0,20117000.0,0.0,0.0,0.0,0.0,0.0,0.0,0.0,0.0
22/03/2023,2940.0,2940.0,0.0,0.0,2940.0,2970.0,2900.0,13705.0,39983700.0,0.0,0.0,13705.0,39983700.0,100.0,-100.0,0.0,0.0,295000.0,-295000.0,0.0,0.0
21/03/2023,2940.0,2940.0,0.0,0.0,2940.0,2950.0,2900.0,19100.0,55714000.0,0.0,0.0,19100.0,55714000.0,-400.0,0.0,0.0,400.0,-1176000.0,0.0,0.0,1176000.0
20/03/2023,2940.0,2940.0,0.0,0.0,2930.0,2950.0,2900.0,30336.0,89002960.0,0.0,0.0,30336.0,89002960.0,300.0,-300.0,0.0,0.0,872000.0,-872000.0,0.0,0.0
17/03/2023,2940.0,2940.0,0.0,0.0,2940.0,2970.0,2850.0,45908.0,133430200.0,0.0,0.0,45908.0,133430200.0,-100.0,100.0,0.0,0.0,-294000.0,294000.0,0.0,0.0
16/03/2023,2940.0,2970.0,-30.0,-0.01010101,2910.0,2990.0,2910.0,17506.0,51171840.0,0.0,0.0,17506.0,51171840.0,12700.0,-1000.0,0.0,-11700.0,36969001.0,-2922000.0,0.0,-34047000.0
15/03/2023,2970.0,2970.0,0.0,0.0,2970.0,3000.0,2970.0,53700.0,159723000.0,0.0,0.0,53700.0,159723000.0,0.0,0.0,0.0,0.0,0.0,0.0,0.0,0.0
14/03/2023,2970.0,2970.0,0.0,0.0,2990.0,3000.0,2920.0,38400.0,113152000.0,0.0,0.0,38400.0,113152000.0,-200.0,200.0,0.0,0.0,-587000.0,587000.0,0.0,0.0
13/03/2023,2970.0,3000.0,-30.0,-0.01,2960.0,3000.0,2880.0,21221.0,62839400.0,0.0,0.0,21221.0,62839400.0,0.0,0.0,0.0,0.0,0.0,0.0,0.0,0.0
10/03/2023,3000.0,3030.0,-30.0,-0.00990099,2960.0,3030.0,2960.0,29000.0,86793000.0,0.0,0.0,29000.0,86793000.0,0.0,0.0,0.0,0.0,0.0,0.0,0.0,0.0
09/03/2023,3030.0,3020.0,10.0,0.00331126,3020.0,3040.0,3020.0,23900.0,72344000.0,0.0,0.0,23900.0,72344000.0,300.0,0.0,0.0,-300.0,909000.0,0.0,0.0,-909000.0
08/03/2023,3020.0,3000.0,20.0,0.00666667,3010.0,3020.0,2990.0,53200.0,159826000.0,0.0,0.0,53200.0,159826000.0,0.0,0.0,0.0,0.0,0.0,0.0,0.0,0.0
07/03/2023,3000.0,3000.0,0.0,0.0,3030.0,3030.0,2980.0,21402.0,64195960.0,0.0,0.0,21402.0,64195960.0,-100.0,100.0,0.0,0.0,-303000.0,303000.0,0.0,0.0
06/03/2023,3000.0,3050.0,-50.0,-0.01639344,3050.0,3060.0,3000.0,34030.0,102924090.0,0.0,0.0,34030.0,102924090.0,-71.0,-29.0,0.0,100.0,-218000.0,-87000.0,0.0,305000.0
03/03/2023,3050.0,3040.0,10.0,0.00328947,3040.0,3050.0,3000.0,11701.0,35529030.0,0.0,0.0,11701.0,35529030.0,1000.0,-1000.0,0.0,0.0,3040000.0,-3040000.0,0.0,0.0
02/03/2023,3040.0,3030.0,10.0,0.00330033,3030.0,3060.0,3000.0,24801.0,75085010.0,0.0,0.0,24801.0,75085010.0,0.0,0.0,0.0,0.0,0.0,0.0,0.0,0.0
01/03/2023,3030.0,3040.0,-10.0,-0.00328947,3040.0,3040.0,3000.0,9600.0,29006000.0,0.0,0.0,9600.0,29006000.0,0.0,0.0,0.0,0.0,0.0,0.0,0.0,0.0
28/02/2023,3040.0,3030.0,10.0,0.00330033,3030.0,3050.0,3000.0,63302.0,190521000.0,0.0,0.0,63302.0,190521000.0,0.0,0.0,0.0,0.0,0.0,0.0,0.0,0.0
27/02/2023,3030.0,3040.0,-10.0,-0.00328947,3040.0,3050.0,2960.0,17834.0,53476000.0,0.0,0.0,17834.0,53476000.0,100.0,-100.0,0.0,0.0,303000.0,-303000.0,0.0,0.0
24/02/2023,3040.0,3080.0,-40.0,-0.01298701,3030.0,3070.0,3030.0,31569.0,96301510.0,0.0,0.0,31569.0,96301510.0,0.0,0.0,0.0,0.0,0.0,0.0,0.0,0.0
23/02/2023,3080.0,3100.0,-20.0,-0.00645161,3140.0,3140.0,3000.0,35601.0,109192890.0,0.0,0.0,35601.0,109192890.0,-200.0,-100.0,0.0,300.0,-622000.0,-308000.0,0.0,930000.0
22/02/2023,3100.0,3150.0,-50.0,-0.01587302,3150.0,3150.0,3090.0,40800.0,126957000.0,0.0,0.0,40800.0,126957000.0,0.0,0.0,0.0,0.0,0.0,0.0,0.0,0.0
21/02/2023,3150.0,3120.0,30.0,0.00961538,3140.0,3180.0,3090.0,147940.0,462244030.0,0.0,0.0,147940.0,462244030.0,2700.0,-2400.0,0.0,-300.0,8417000.0,-7466000.0,0.0,-951000.0
20/02/2023,3120.0,3060.0,60.0,0.01960784,3070.0,3140.0,3060.0,60642.0,186963680.0,0.0,0.0,60642.0,186963680.0,0.0,0.0,0.0,0.0,0.0,0.0,0.0,0.0
17/02/2023,3060.0,3100.0,-40.0,-0.01290323,3120.0,3120.0,3050.0,56103.0,172943180.0,0.0,0.0,56103.0,172943180.0,0.0,0.0,0.0,0.0,0.0,0.0,0.0,0.0
16/02/2023,3100.0,3080.0,20.0,0.00649351,3080.0,3110.0,3070.0,40548.0,125147230.0,0.0,0.0,40548.0,125147230.0,0.0,0.0,0.0,0.0,0.0,0.0,0.0,0.0
15/02/2023,3080.0,3050.0,30.0,0.00983607,3070.0,3090.0,3050.0,25600.0,78379000.0,0.0,0.0,25600.0,78379000.0,0.0,0.0,0.0,0.0,0.0,0.0,0.0,0.0
14/02/2023,3050.0,3050.0,0.0,0.0,3040.0,3100.0,3000.0,26400.0,80413000.0,0.0,0.0,26400.0,80413000.0,100.0,-100.0,0.0,0.0,305000.0,-305000.0,0.0,0.0
13/02/2023,3050.0,3100.0,-50.0,-0.01612903,3010.0,3050.0,2940.0,15400.0,46092000.0,0.0,0.0,15400.0,46092000.0,100.0,-100.0,0.0,0.0,300000.0,-300000.0,0.0,0.0
10/02/2023,3100.0,3100.0,0.0,0.0,3100.0,3120.0,3030.0,55100.0,170508000.0,0.0,0.0,55100.0,170508000.0,0.0,0.0,0.0,0.0,0.0,0.0,0.0,0.0
09/02/2023,3100.0,3080.0,20.0,0.00649351,3070.0,3120.0,3070.0,56800.0,176498000.0,0.0,0.0,56800.0,176498000.0,-8500.0,0.0,0.0,8500.0,-26510000.0,0.0,0.0,26510000.0
08/02/2023,3080.0,3090.0,-10.0,-0.00323625,3130.0,3130.0,3020.0,22200.0,68477000.0,0.0,0.0,22200.0,68477000.0,100.0,-100.0,0.0,0.0,323000.0,-323000.0,0.0,0.0
07/02/2023,3090.0,3140.0,-50.0,-0.01592357,3120.0,3170.0,3070.0,79800.0,248300000.0,0.0,0.0,79800.0,248300000.0,-600.0,500.0,0.0,100.0,-1884000.0,1572000.0,0.0,312000.0
06/02/2023,3140.0,3140.0,0.0,0.0,3210.0,3210.0,3100.0,56144.0,175522240.0,0.0,0.0,56144.0,175522240.0,0.0,0.0,0.0,0.0,0.0,0.0,0.0,0.0
03/02/2023,3140.0,3150.0,-10.0,-0.0031746,3170.0,3200.0,3110.0,50900.0,160932000.0,0.0,0.0,50900.0,160932000.0,-100.0,0.0,0.0,100.0,-315000.0,0.0,0.0,315000.0
02/02/2023,3150.0,3110.0,40.0,0.01286174,3100.0,3150.0,3080.0,162136.0,504142920.0,0.0,0.0,162136.0,504142920.0,-200.0,200.0,0.0,0.0,-626000.0,626000.0,0.0,0.0
01/02/2023,3110.0,3120.0,-10.0,-0.00320513,3140.0,3230.0,3070.0,218231.0,684639340.0,0.0,0.0,218231.0,684639340.0,200.0,-200.0,0.0,0.0,637000.0,-637000.0,0.0,0.0
31/01/2023,3120.0,3190.0,-70.0,-0.02194357,3160.0,3180.0,3050.0,155214.0,482029540.0,0.0,0.0,155214.0,482029540.0,-4700.0,-300.0,0.0,5000.0,-14820000.0,-930000.0,0.0,15750000.0
30/01/2023,3190.0,3060.0,130.0,0.04248366,3180.0,3200.0,3070.0,121064.0,382699630.0,0.0,0.0,121064.0,382699630.0,-11698.0,-2.0,0.0,11700.0,-37218720.0,12720.0,0.0,37206000.0
27/01/2023,3060.0,2860.0,200.0,0.06993007,2860.0,3060.0,2860.0,239500.0,720168000.0,0.0,0.0,239500.0,720168000.0,100.0,900.0,0.0,-1000.0,340000.0,2655000.0,0.0,-2995000.0
19/01/2023,2860.0,2840.0,20.0,0.00704225,2800.0,2880.0,2770.0,62684.0,177160120.0,0.0,0.0,62684.0,177160120.0,0.0,300.0,0.0,-300.0,17000.0,852000.0,0.0,-869000.0
18/01/2023,2840.0,2830.0,10.0,0.00353357,2690.0,2850.0,2680.0,38110.0,107913300.0,0.0,0.0,38110.0,107913300.0,300.0,-500.0,0.0,200.0,790000.0,-1355000.0,0.0,565000.0
17/01/2023,2830.0,2840.0,-10.0,-0.00352113,2880.0,2880.0,2650.0,116500.0,317204000.0,0.0,0.0,116500.0,317204000.0,-300.0,300.0,0.0,0.0,-838000.0,838000.0,0.0,0.0
16/01/2023,2840.0,2840.0,0.0,0.0,2850.0,2930.0,2720.0,7700.0,21602000.0,0.0,0.0,7700.0,21602000.0,-100.0,100.0,0.0,0.0,-281000.0,281000.0,0.0,0.0
13/01/2023,2840.0,2900.0,-60.0,-0.02068966,2860.0,2920.0,2800.0,22110.0,63116600.0,0.0,0.0,22110.0,63116600.0,-400.0,500.0,0.0,-100.0,-1144000.0,1430000.0,0.0,-286000.0
12/01/2023,2900.0,2900.0,0.0,0.0,2990.0,3000.0,2770.0,1700.0,4911000.0,0.0,0.0,1700.0,4911000.0,100.0,-100.0,0.0,0.0,294000.0,-294000.0,0.0,0.0
11/01/2023,2900.0,2890.0,10.0,0.00346021,2900.0,2970.0,2870.0,40505.0,117725650.0,0.0,0.0,40505.0,117725650.0,-600.0,600.0,0.0,0.0,-1748000.0,1748000.0,0.0,0.0
10/01/2023,2890.0,2860.0,30.0,0.01048951,2940.0,2940.0,2830.0,22500.0,64594000.0,0.0,0.0,22500.0,64594000.0,0.0,0.0,0.0,0.0,7000.0,-7000.0,0.0,0.0
09/01/2023,2860.0,2840.0,20.0,0.00704225,2840.0,2970.0,2830.0,26806.0,76672340.0,0.0,0.0,26806.0,76672340.0,-100.0,0.0,0.0,100.0,-283000.0,0.0,0.0,283000.0
06/01/2023,2840.0,2920.0,-80.0,-0.02739726,2940.0,2940.0,2820.0,41700.0,120162000.0,0.0,0.0,41700.0,120162000.0,100.0,-100.0,0.0,0.0,290000.0,-290000.0,0.0,0.0
05/01/2023,2920.0,2910.0,10.0,0.00343643,2980.0,3000.0,2880.0,49600.0,144130000.0,0.0,0.0,49600.0,144130000.0,0.0,0.0,0.0,0.0,0.0,0.0,0.0,0.0
04/01/2023,2910.0,2880.0,30.0,0.01041667,2880.0,2940.0,2820.0,31211.0,90317710.0,0.0,0.0,31211.0,90317710.0,300.0,-300.0,0.0,0.0,870000.0,-870000.0,0.0,0.0
03/01/2023,2880.0,2760.0,120.0,0.04347826,2880.0,2880.0,2740.0,67733.0,189753590.0,0.0,0.0,67733.0,189753590.0,-200.0,200.0,0.0,0.0,-565000.0,565000.0,0.0,0.0
30/12/2022,2760.0,2740.0,20.0,0.00729927,2800.0,2800.0,2720.0,8100.0,22256000.0,0.0,0.0,8100.0,22256000.0,400.0,-400.0,0.0,0.0,1096000.0,-1096000.0,0.0,0.0
29/12/2022,2740.0,2720.0,20.0,0.00735294,2750.0,2780.0,2720.0,34508.0,95337560.0,0.0,0.0,34508.0,95337560.0,800.0,0.0,0.0,-800.0,2216000.0,0.0,0.0,-2216000.0
28/12/2022,2720.0,2640.0,80.0,0.03030303,2680.0,2780.0,2640.0,16500.0,44576000.0,0.0,0.0,16500.0,44576000.0,0.0,0.0,0.0,0.0,0.0,0.0,0.0,0.0
27/12/2022,2640.0,2660.0,-20.0,-0.0075188,2700.0,2700.0,2550.0,19100.0,50033000.0,0.0,0.0,19100.0,50033000.0,0.0,-100.0,0.0,100.0,0.0,-266000.0,0.0,266000.0
26/12/2022,2660.0,2850.0,-190.0,-0.06666667,2800.0,2900.0,2660.0,27200.0,73780000.0,0.0,0.0,27200.0,73780000.0,300.0,-300.0,0.0,0.0,787000.0,-787000.0,0.0,0.0
23/12/2022,2850.0,2900.0,-50.0,-0.01724138,2950.0,2950.0,2800.0,11400.0,32365000.0,0.0,0.0,11400.0,32365000.0,400.0,-400.0,0.0,0.0,1132000.0,-1132000.0,0.0,0.0
22/12/2022,2900.0,2970.0,-70.0,-0.02356902,2990.0,2990.0,2850.0,17900.0,51835000.0,0.0,0.0,17900.0,51835000.0,600.0,-600.0,0.0,0.0,1758000.0,-1758000.0,0.0,0.0
21/12/2022,2970.0,2990.0,-20.0,-0.00668896,3010.0,3010.0,2860.0,20815.0,60839510.0,0.0,0.0,20815.0,60839510.0,-86.0,-114.0,0.0,200.0,-260420.0,-337580.0,0.0,598000.0
20/12/2022,2990.0,3020.0,-30.0,-0.00993377,3000.0,3040.0,2860.0,83000.0,245248000.0,0.0,0.0,83000.0,245248000.0,-500.0,400.0,0.0,100.0,-1476000.0,1176000.0,0.0,300000.0
19/12/2022,3020.0,3020.0,0.0,0.0,3020.0,3060.0,2990.0,79800.0,241881000.0,0.0,0.0,79800.0,241881000.0,19600.0,200.0,0.0,-19800.0,59390000.0,606000.0,0.0,-59996000.0
16/12/2022,3020.0,2950.0,70.0,0.02372881,3050.0,3070.0,2950.0,92330.0,279970500.0,0.0,0.0,92330.0,279970500.0,100.0,-100.0,0.0,0.0,301000.0,-301000.0,0.0,0.0
15/12/2022,2950.0,3060.0,-110.0,-0.03594771,3020.0,3090.0,2950.0,85206.0,254581460.0,0.0,0.0,85206.0,254581460.0,0.0,0.0,0.0,0.0,0.0,0.0,0.0,0.0
14/12/2022,3060.0,3080.0,-20.0,-0.00649351,3140.0,3180.0,3010.0,71518.0,219018060.0,0.0,0.0,71518.0,219018060.0,100.0,0.0,0.0,-100.0,316000.0,0.0,0.0,-316000.0
13/12/2022,3080.0,3100.0,-20.0,-0.00645161,3030.0,3150.0,3000.0,32807.0,100356000.0,0.0,0.0,32807.0,100356000.0,1300.0,-1300.0,0.0,0.0,3938000.0,-3938000.0,0.0,0.0
12/12/2022,3100.0,3070.0,30.0,0.00977199,3070.0,3150.0,3000.0,107979.0,332474390.0,0.0,0.0,107979.0,332474390.0,-300.0,200.0,0.0,100.0,-923000.0,616000.0,0.0,307000.0
09/12/2022,3070.0,3050.0,20.0,0.00655738,3060.0,3140.0,3000.0,76310.0,231304220.0,0.0,0.0,76310.0,231304220.0,100.0,-100.0,0.0,0.0,308000.0,-308000.0,0.0,0.0
08/12/2022,3050.0,3070.0,-20.0,-0.00651466,3130.0,3140.0,3050.0,48500.0,149894000.0,0.0,0.0,48500.0,149894000.0,-200.0,200.0,0.0,0.0,-626000.0,626000.0,0.0,0.0
07/12/2022,3070.0,3080.0,-10.0,-0.00324675,3070.0,3130.0,2990.0,66234.0,199666090.0,0.0,0.0,66234.0,199666090.0,-200.0,0.0,0.0,200.0,-616000.0,0.0,0.0,616000.0
06/12/2022,3080.0,3270.0,-190.0,-0.05810398,3280.0,3280.0,3080.0,105015.0,330387250.0,0.0,0.0,105015.0,330387250.0,-800.0,600.0,0.0,200.0,-2562000.0,1908000.0,0.0,654000.0
05/12/2022,3270.0,3230.0,40.0,0.0123839,3250.0,3320.0,3240.0,189319.0,621026820.0,0.0,0.0,189319.0,621026820.0,20.0,-120.0,0.0,100.0,60800.0,-392800.0,0.0,332000.0
02/12/2022,3230.0,3200.0,30.0,0.009375,3200.0,3260.0,3060.0,75207.0,237306090.0,0.0,0.0,75207.0,237306090.0,-1040.0,1940.0,0.0,-900.0,-3337970.0,6145970.0,0.0,-2808000.0
01/12/2022,3200.0,3050.0,150.0,0.04918033,3060.0,3260.0,3060.0,217135.0,687937240.0,0.0,0.0,217135.0,687937240.0,4800.0,-1000.0,0.0,-3800.0,15502000.0,-3164000.0,0.0,-12338000.0
30/11/2022,3050.0,2990.0,60.0,0.02006689,3140.0,3140.0,2990.0,96147.0,290120080.0,0.0,0.0,96147.0,290120080.0,-1600.0,400.0,0.0,1200.0,-4818000.0,1216000.0,0.0,3602000.0
29/11/2022,2990.0,2940.0,50.0,0.0170068,3000.0,3100.0,2940.0,118800.0,357545000.0,0.0,0.0,118800.0,357545000.0,1500.0,-1600.0,0.0,100.0,4604000.0,-4901000.0,0.0,297000.0
28/11/2022,2940.0,2760.0,180.0,0.06521739,2760.0,2950.0,2760.0,155778.0,449881080.0,0.0,0.0,155778.0,449881080.0,2700.0,900.0,0.0,-3600.0,8058000.0,2575000.0,0.0,-10633000.0
25/11/2022,2760.0,2660.0,100.0,0.03759398,2660.0,2780.0,2660.0,64066.0,175702200.0,0.0,0.0,64066.0,175702200.0,-200.0,200.0,0.0,0.0,-549000.0,549000.0,0.0,0.0
24/11/2022,2660.0,2640.0,20.0,0.00757576,2770.0,2770.0,2610.0,13011.0,34582040.0,0.0,0.0,13011.0,34582040.0,-2400.0,1500.0,0.0,900.0,-6391000.0,4015000.0,0.0,2376000.0
23/11/2022,2640.0,2770.0,-130.0,-0.04693141,2700.0,2810.0,2640.0,29583.0,80895770.0,0.0,0.0,29583.0,80895770.0,-200.0,0.0,0.0,200.0,-536000.0,0.0,0.0,536000.0
22/11/2022,2770.0,2630.0,140.0,0.05323194,2720.0,2800.0,2630.0,96815.0,263101800.0,0.0,0.0,96815.0,263101800.0,-100.0,0.0,0.0,100.0,-291000.0,12000.0,0.0,279000.0
21/11/2022,2630.0,2570.0,60.0,0.0233463,2650.0,2690.0,2570.0,108616.0,285360400.0,0.0,0.0,108616.0,285360400.0,16.0,-16.0,-16.0,0.0,42400.0,-42400.0,-42000.0,0.0
18/11/2022,2570.0,2560.0,10.0,0.00390625,2600.0,2600.0,2450.0,118600.0,303461000.0,0.0,0.0,118600.0,303461000.0,-52000.0,-1300.0,0.0,53300.0,-135396000.0,-3214000.0,0.0,138610000.0
17/11/2022,2560.0,2400.0,160.0,0.06666667,2440.0,2560.0,2440.0,51188.0,129370520.0,0.0,0.0,51188.0,129370520.0,-4700.0,0.0,0.0,4700.0,-12032000.0,0.0,0.0,12032000.0
16/11/2022,2400.0,2250.0,150.0,0.06666667,2250.0,2400.0,2110.0,86156.0,196638560.0,0.0,0.0,86156.0,196638560.0,1100.0,0.0,0.0,-1100.0,2640000.0,0.0,0.0,-2640000.0
15/11/2022,2250.0,2410.0,-160.0,-0.06639004,2410.0,2450.0,2250.0,84385.0,193035250.0,0.0,0.0,84385.0,193035250.0,78.0,-78.0,-78.0,0.0,175500.0,-175500.0,-176000.0,0.0
14/11/2022,2410.0,2590.0,-180.0,-0.06949807,2590.0,2590.0,2410.0,47800.0,115387000.0,0.0,0.0,47800.0,115387000.0,-100.0,0.0,0.0,100.0,-242000.0,0.0,0.0,242000.0
11/11/2022,2590.0,2560.0,30.0,0.01171875,2560.0,2600.0,2500.0,84208.0,215209170.0,0.0,0.0,84208.0,215209170.0,-400.0,100.0,0.0,300.0,-1019000.0,251000.0,0.0,768000.0
10/11/2022,2560.0,2750.0,-190.0,-0.06909091,2700.0,2770.0,2560.0,134903.0,349071800.0,0.0,0.0,134903.0,349071800.0,100.0,-300.0,0.0,200.0,258000.0,-798000.0,0.0,540000.0
09/11/2022,2750.0,2730.0,20.0,0.00732601,2730.0,2850.0,2730.0,34100.0,94733000.0,0.0,0.0,34100.0,94733000.0,-2900.0,0.0,0.0,2900.0,-8212000.0,0.0,0.0,8212000.0
08/11/2022,2730.0,2720.0,10.0,0.00367647,2750.0,2750.0,2680.0,168582.0,459004040.0,0.0,0.0,168582.0,459004040.0,-38200.0,-1800.0,0.0,40000.0,-105137000.0,-4863000.0,0.0,110000000.0
07/11/2022,2720.0,2870.0,-150.0,-0.05226481,2870.0,2880.0,2670.0,70000.0,190120000.0,0.0,0.0,70000.0,190120000.0,100.0,-100.0,0.0,0.0,256000.0,-256000.0,0.0,0.0
04/11/2022,2870.0,2840.0,30.0,0.01056338,2850.0,2890.0,2760.0,33500.0,94649000.0,0.0,0.0,33500.0,94649000.0,100.0,-100.0,0.0,0.0,284000.0,-284000.0,0.0,0.0
03/11/2022,2840.0,2900.0,-60.0,-0.02068966,2920.0,2920.0,2760.0,106600.0,300267000.0,0.0,0.0,106600.0,300267000.0,-500.0,500.0,0.0,0.0,-1440000.0,1440000.0,0.0,0.0
02/11/2022,2900.0,2940.0,-40.0,-0.01360544,2980.0,2980.0,2880.0,48700.0,141598000.0,0.0,0.0,48700.0,141598000.0,-500.0,500.0,0.0,0.0,-1467000.0,1467000.0,0.0,0.0
01/11/2022,2940.0,2950.0,-10.0,-0.00338983,2990.0,3000.0,2890.0,28306.0,83231760.0,0.0,0.0,28306.0,83231760.0,-1500.0,1500.0,0.0,0.0,-4465000.0,4465000.0,0.0,0.0
31/10/2022,2950.0,2940.0,10.0,0.00340136,3050.0,3060.0,2900.0,27500.0,81120000.0,0.0,0.0,27500.0,81120000.0,-300.0,200.0,0.0,100.0,-889000.0,594000.0,0.0,295000.0
28/10/2022,2940.0,2930.0,10.0,0.00341297,2930.0,3080.0,2900.0,63900.0,187200000.0,0.0,0.0,63900.0,187200000.0,0.0,0.0,0.0,0.0,0.0,0.0,0.0,0.0
27/10/2022,2930.0,2830.0,100.0,0.03533569,2810.0,2940.0,2800.0,42630.0,123219160.0,0.0,0.0,42630.0,123219160.0,220.0,-120.0,-120.0,-100.0,629759.0,-338760.0,-339000.0,-291000.0
26/10/2022,2830.0,2810.0,20.0,0.00711744,2840.0,2890.0,2800.0,60144.0,170886320.0,0.0,0.0,60144.0,170886320.0,5000.0,0.0,0.0,-5000.0,14150000.0,0.0,0.0,-14150000.0
25/10/2022,2810.0,2730.0,80.0,0.02930403,2730.0,2890.0,2690.0,85257.0,238066200.0,0.0,0.0,85257.0,238066200.0,600.0,-600.0,0.0,0.0,1679000.0,-1679000.0,0.0,0.0
24/10/2022,2730.0,2930.0,-200.0,-0.06825939,2930.0,3020.0,2730.0,100960.0,288434800.0,0.0,0.0,100960.0,288434800.0,400.0,-400.0,0.0,0.0,1158000.0,-1158000.0,0.0,0.0
21/10/2022,2930.0,3140.0,-210.0,-0.06687898,3150.0,3150.0,2930.0,147907.0,440360730.0,0.0,0.0,147907.0,440360730.0,100.0,-100.0,0.0,0.0,307000.0,-307000.0,0.0,0.0
20/10/2022,3140.0,3150.0,-10.0,-0.0031746,3140.0,3150.0,3030.0,36743.0,113398450.0,0.0,0.0,36743.0,113398450.0,1300.0,-1300.0,0.0,0.0,4082000.0,-4082000.0,0.0,0.0
19/10/2022,3150.0,3210.0,-60.0,-0.01869159,3210.0,3210.0,3100.0,16206.0,50892400.0,0.0,0.0,16206.0,50892400.0,500.0,-500.0,0.0,0.0,1599000.0,-1599000.0,0.0,0.0
18/10/2022,3210.0,3100.0,110.0,0.03548387,3110.0,3250.0,3110.0,42600.0,136155000.0,0.0,0.0,42600.0,136155000.0,-400.0,400.0,0.0,0.0,-1260000.0,1260000.0,0.0,0.0
17/10/2022,3100.0,3120.0,-20.0,-0.00641026,3120.0,3120.0,3070.0,56255.0,174060230.0,0.0,0.0,56255.0,174060230.0,500.0,-500.0,0.0,0.0,1548000.0,-1548000.0,0.0,0.0
14/10/2022,3120.0,3100.0,20.0,0.00645161,3180.0,3190.0,3100.0,102083.0,320533650.0,0.0,0.0,102083.0,320533650.0,-200.0,200.0,0.0,0.0,-623000.0,623000.0,0.0,0.0
13/10/2022,3100.0,3090.0,10.0,0.00323625,3140.0,3140.0,3080.0,43900.0,136612000.0,0.0,0.0,43900.0,136612000.0,-100.0,100.0,0.0,0.0,-309000.0,309000.0,0.0,0.0
12/10/2022,3090.0,3040.0,50.0,0.01644737,2970.0,3150.0,2970.0,145300.0,447635000.0,0.0,0.0,145300.0,447635000.0,-29800.0,-200.0,0.0,30000.0,-92350000.0,-610000.0,0.0,92960000.0
11/10/2022,3040.0,3180.0,-140.0,-0.04402516,3020.0,3100.0,2960.0,42910.0,129008440.0,0.0,0.0,42910.0,129008440.0,-200.0,200.0,0.0,0.0,-592000.0,592000.0,0.0,0.0
10/10/2022,3180.0,3230.0,-50.0,-0.01547988,3010.0,3220.0,3010.0,222700.0,680600000.0,0.0,0.0,222700.0,680600000.0,-200.0,200.0,0.0,0.0,-628000.0,628000.0,0.0,0.0
07/10/2022,3230.0,3470.0,-240.0,-0.06916427,3400.0,3400.0,3230.0,91900.0,297563000.0,0.0,0.0,91900.0,297563000.0,-3900.0,900.0,0.0,3000.0,-12599000.0,2909000.0,0.0,9690000.0
06/10/2022,3470.0,3560.0,-90.0,-0.0252809,3560.0,3560.0,3460.0,15933.0,55521740.0,0.0,0.0,15933.0,55521740.0,0.0,0.0,0.0,0.0,0.0,0.0,0.0,0.0
05/10/2022,3560.0,3520.0,40.0,0.01136364,3480.0,3590.0,3480.0,70810.0,250480600.0,0.0,0.0,70810.0,250480600.0,-1800.0,1800.0,0.0,0.0,-6426000.0,6436000.0,0.0,-10000.0
04/10/2022,3520.0,3550.0,-30.0,-0.0084507,3560.0,3620.0,3500.0,82959.0,295506240.0,0.0,0.0,82959.0,295506240.0,-200.0,200.0,0.0,0.0,-727000.0,727000.0,0.0,0.0
03/10/2022,3550.0,3700.0,-150.0,-0.04054054,3700.0,3700.0,3500.0,45809.0,163691980.0,0.0,0.0,45809.0,163691980.0,202.0,-202.0,0.0,0.0,750200.0,-750200.0,0.0,0.0
30/09/2022,3700.0,3700.0,0.0,0.0,3690.0,3750.0,3500.0,79823.0,291842340.0,0.0,0.0,79823.0,291842340.0,100.0,-100.0,0.0,0.0,369000.0,-369000.0,0.0,0.0
29/09/2022,3700.0,3820.0,-120.0,-0.03141361,3850.0,3870.0,3700.0,79313.0,300875500.0,0.0,0.0,79313.0,300875500.0,-800.0,800.0,0.0,0.0,-3047000.0,3047000.0,0.0,0.0
28/09/2022,3820.0,3890.0,-70.0,-0.01799486,3900.0,3900.0,3800.0,47139.0,181294070.0,0.0,0.0,47139.0,181294070.0,838.0,462.0,0.0,-1300.0,3201120.0,1777880.0,0.0,-4979000.0
27/09/2022,3890.0,3900.0,-10.0,-0.0025641,3900.0,3900.0,3860.0,27405.0,106335760.0,0.0,0.0,27405.0,106335760.0,500.0,-500.0,0.0,0.0,1928000.0,-1928000.0,0.0,0.0
26/09/2022,3900.0,4000.0,-100.0,-0.025,4000.0,4000.0,3810.0,86226.0,339412140.0,0.0,0.0,86226.0,339412140.0,800.0,0.0,0.0,-800.0,3115000.0,-8000.0,0.0,-3107000.0
23/09/2022,4000.0,4030.0,-30.0,-0.00744417,4040.0,4050.0,3980.0,53738.0,216374440.0,0.0,0.0,53738.0,216374440.0,-1092.0,992.0,-8.0,100.0,-4425840.0,4021840.0,-32000.0,404000.0
22/09/2022,4030.0,3990.0,40.0,0.01002506,3990.0,4050.0,3930.0,56763.0,226116740.0,0.0,0.0,56763.0,226116740.0,-100.0,100.0,0.0,0.0,-395000.0,395000.0,0.0,0.0
21/09/2022,3990.0,4050.0,-60.0,-0.01481481,4050.0,4050.0,3810.0,91020.0,362553700.0,0.0,0.0,91020.0,362553700.0,103.0,-100.0,0.0,0.0,405000.0,-393000.0,0.0,0.0
20/09/2022,4050.0,4090.0,-40.0,-0.00977995,3920.0,4150.0,3920.0,86835.0,347389500.0,0.0,0.0,86835.0,347389500.0,7000.0,-100.0,0.0,-6900.0,27447000.0,-399000.0,0.0,-27048000.0
19/09/2022,4090.0,4150.0,-60.0,-0.01445783,4160.0,4190.0,4000.0,103327.0,422377780.0,0.0,0.0,103327.0,422377780.0,-132.0,132.0,0.0,0.0,-556490.0,556490.0,0.0,0.0
16/09/2022,4150.0,4270.0,-120.0,-0.02810304,4270.0,4270.0,4150.0,48865.0,204578550.0,0.0,0.0,48865.0,204578550.0,-160.0,60.0,0.0,100.0,-681000.0,260000.0,0.0,421000.0
15/09/2022,4270.0,4220.0,50.0,0.01184834,4220.0,4290.0,4220.0,124253.0,530028610.0,0.0,0.0,124253.0,530028610.0,8009.0,-9.0,0.0,-8000.0,34302770.0,-42770.0,0.0,-34260000.0
14/09/2022,4220.0,4240.0,-20.0,-0.00471698,4200.0,4220.0,4200.0,50400.0,211985000.0,0.0,0.0,50400.0,211985000.0,300.0,-100.0,0.0,-200.0,1265000.0,-421000.0,0.0,-844000.0
13/09/2022,4240.0,4200.0,40.0,0.00952381,4210.0,4290.0,4210.0,40000.0,170626000.0,0.0,0.0,40000.0,170626000.0,8.0,-108.0,0.0,100.0,29000.0,-457000.0,0.0,428000.0
12/09/2022,4200.0,4160.0,40.0,0.00961538,4260.0,4360.0,4160.0,118935.0,502760660.0,0.0,0.0,118935.0,502760660.0,11788.0,1395.0,0.0,-13100.0,50123560.0,6040040.0,0.0,-55815000.0
09/09/2022,4160.0,4230.0,-70.0,-0.01654846,4340.0,4340.0,4150.0,56000.0,234728000.0,0.0,0.0,56000.0,234728000.0,200.0,-200.0,0.0,0.0,852000.0,-852000.0,0.0,0.0
08/09/2022,4230.0,4240.0,-10.0,-0.00235849,4210.0,4310.0,4200.0,43500.0,184561000.0,0.0,0.0,43500.0,184561000.0,200.0,-200.0,0.0,0.0,849000.0,-849000.0,0.0,0.0
07/09/2022,4240.0,4440.0,-200.0,-0.04504505,4440.0,4440.0,4240.0,55400.0,240424000.0,0.0,0.0,55400.0,240424000.0,200.0,-200.0,0.0,0.0,889000.0,-889000.0,0.0,0.0
06/09/2022,4440.0,4510.0,-70.0,-0.01552106,4520.0,4520.0,4400.0,74200.0,330611000.0,0.0,0.0,74200.0,330611000.0,-100.0,100.0,0.0,0.0,-447000.0,447000.0,0.0,0.0
05/09/2022,4510.0,4510.0,0.0,0.0,4460.0,4530.0,4460.0,26600.0,119623000.0,0.0,0.0,26600.0,119623000.0,0.0,0.0,0.0,0.0,-2000.0,2000.0,0.0,0.0
31/08/2022,4510.0,4500.0,10.0,0.00222222,4490.0,4530.0,4420.0,75300.0,338255000.0,0.0,0.0,75300.0,338255000.0,0.0,0.0,0.0,0.0,2000.0,-2000.0,0.0,0.0
30/08/2022,4500.0,4490.0,10.0,0.00222717,4500.0,4600.0,4470.0,217900.0,979648000.0,0.0,0.0,217900.0,979648000.0,800.0,-200.0,0.0,-600.0,3628000.0,-904000.0,0.0,-2724000.0
29/08/2022,4490.0,4700.0,-210.0,-0.04468085,4680.0,4680.0,4460.0,114900.0,519148000.0,0.0,0.0,114900.0,519148000.0,200.0,-200.0,0.0,0.0,882000.0,-882000.0,0.0,0.0
26/08/2022,4700.0,4720.0,-20.0,-0.00423729,4740.0,4750.0,4600.0,142000.0,665635000.0,0.0,0.0,142000.0,665635000.0,-200.0,200.0,0.0,0.0,-948000.0,948000.0,0.0,0.0
25/08/2022,4720.0,4720.0,0.0,0.0,4720.0,4770.0,4700.0,93500.0,442424000.0,0.0,0.0,93500.0,442424000.0,0.0,-300.0,0.0,300.0,1000.0,-1417000.0,0.0,1416000.0
24/08/2022,4720.0,4700.0,20.0,0.00425532,4800.0,4800.0,4700.0,64700.0,305000000.0,0.0,0.0,64700.0,305000000.0,-600.0,200.0,0.0,400.0,-2831000.0,943000.0,0.0,1888000.0
23/08/2022,4700.0,4720.0,-20.0,-0.00423729,4700.0,4700.0,4620.0,48000.0,224916000.0,0.0,0.0,48000.0,224916000.0,0.0,0.0,0.0,0.0,5000.0,-5000.0,0.0,0.0
22/08/2022,4720.0,4760.0,-40.0,-0.00840336,4740.0,4740.0,4580.0,513800.0,2373040000.0,0.0,0.0,513800.0,2373040000.0,-200.0,200.0,0.0,0.0,-923000.0,923000.0,0.0,0.0
19/08/2022,4760.0,4850.0,-90.0,-0.0185567,4890.0,4890.0,4750.0,84900.0,409948000.0,0.0,0.0,84900.0,409948000.0,-400.0,400.0,0.0,0.0,-1965000.0,1965000.0,0.0,0.0
18/08/2022,4850.0,4910.0,-60.0,-0.01221996,4900.0,4940.0,4760.0,100400.0,483340000.0,0.0,0.0,100400.0,483340000.0,-100.0,100.0,0.0,0.0,-481000.0,481000.0,0.0,0.0
17/08/2022,4910.0,4910.0,0.0,0.0,4970.0,4970.0,4880.0,122800.0,602780000.0,0.0,0.0,122800.0,602780000.0,-100.0,100.0,0.0,0.0,-488000.0,488000.0,0.0,0.0
16/08/2022,4910.0,4970.0,-60.0,-0.01207243,4980.0,4980.0,4900.0,118200.0,582873000.0,0.0,0.0,118200.0,582873000.0,300.0,-300.0,0.0,0.0,1474000.0,-1474000.0,0.0,0.0
15/08/2022,4970.0,4970.0,0.0,0.0,4970.0,5000.0,4920.0,68400.0,338574000.0,0.0,0.0,68400.0,338574000.0,700.0,-700.0,0.0,0.0,3463000.0,-3463000.0,0.0,0.0
12/08/2022,4970.0,4980.0,-10.0,-0.00200803,4920.0,5070.0,4900.0,84400.0,416548000.0,0.0,0.0,84400.0,416548000.0,900.0,100.0,0.0,-1000.0,4414000.0,496000.0,0.0,-4910000.0
11/08/2022,4980.0,4940.0,40.0,0.00809717,4980.0,5100.0,4940.0,153500.0,767640000.0,0.0,0.0,153500.0,767640000.0,-600.0,800.0,0.0,-200.0,-3005000.0,4022000.0,0.0,-1017000.0
10/08/2022,4940.0,4960.0,-20.0,-0.00403226,4960.0,5000.0,4810.0,121600.0,600573000.0,0.0,0.0,121600.0,600573000.0,-1500.0,1500.0,0.0,0.0,-7431000.0,7431000.0,0.0,0.0
09/08/2022,4960.0,4820.0,140.0,0.02904564,4930.0,4980.0,4820.0,240200.0,1176078000.0,0.0,0.0,240200.0,1176078000.0,200.0,-100.0,0.0,-100.0,984000.0,-492000.0,0.0,-492000.0
08/08/2022,4820.0,4730.0,90.0,0.01902748,4940.0,4940.0,4750.0,86400.0,419147000.0,0.0,0.0,86400.0,419147000.0,-7300.0,400.0,0.0,6900.0,-36024000.0,1938000.0,0.0,34086000.0
05/08/2022,4730.0,4770.0,-40.0,-0.00838574,4720.0,4780.0,4700.0,119800.0,566075000.0,0.0,0.0,119800.0,566075000.0,-400.0,400.0,0.0,0.0,-1901000.0,1901000.0,0.0,0.0
04/08/2022,4770.0,4780.0,-10.0,-0.00209205,4810.0,4860.0,4710.0,141400.0,677576000.0,0.0,0.0,141400.0,677576000.0,-300.0,300.0,0.0,0.0,-1433000.0,1433000.0,0.0,0.0
03/08/2022,4780.0,4750.0,30.0,0.00631579,4760.0,4850.0,4740.0,70800.0,338730000.0,0.0,0.0,70800.0,338730000.0,300.0,-300.0,0.0,0.0,1410000.0,-1410000.0,0.0,0.0
02/08/2022,4750.0,4610.0,140.0,0.03036876,4610.0,4780.0,4580.0,232500.0,1078053000.0,0.0,0.0,232500.0,1078053000.0,0.0,400.0,0.0,-400.0,45000.0,1847000.0,0.0,-1892000.0
01/08/2022,4610.0,4530.0,80.0,0.01766004,4590.0,4630.0,4490.0,114600.0,524293000.0,0.0,0.0,114600.0,524293000.0,-100.0,100.0,0.0,0.0,-465000.0,465000.0,0.0,0.0
29/07/2022,4530.0,4520.0,10.0,0.00221239,4550.0,4600.0,4410.0,87300.0,391468000.0,0.0,0.0,87300.0,391468000.0,0.0,0.0,0.0,0.0,6000.0,-6000.0,0.0,0.0
28/07/2022,4520.0,4520.0,0.0,0.0,4600.0,4610.0,4520.0,46700.0,213052000.0,0.0,0.0,46700.0,213052000.0,300.0,-300.0,0.0,0.0,1383000.0,-1383000.0,0.0,0.0
27/07/2022,4520.0,4530.0,-10.0,-0.00220751,4540.0,4550.0,4450.0,30200.0,135686000.0,0.0,0.0,30200.0,135686000.0,100.0,-100.0,0.0,0.0,452000.0,-452000.0,0.0,0.0
26/07/2022,4530.0,4460.0,70.0,0.01569507,4450.0,4540.0,4450.0,91900.0,413725000.0,0.0,0.0,91900.0,413725000.0,100.0,-100.0,0.0,0.0,451000.0,-451000.0,0.0,0.0
25/07/2022,4460.0,4600.0,-140.0,-0.03043478,4600.0,4600.0,4440.0,146500.0,659246000.0,0.0,0.0,146500.0,659246000.0,1700.0,-1700.0,0.0,0.0,7725000.0,-7725000.0,0.0,0.0
22/07/2022,4600.0,4590.0,10.0,0.00217865,4550.0,4600.0,4520.0,68000.0,310869000.0,0.0,0.0,68000.0,310869000.0,0.0,100.0,0.0,-100.0,1000.0,457000.0,0.0,-458000.0
21/07/2022,4590.0,4600.0,-10.0,-0.00217391,4540.0,4730.0,4530.0,75800.0,347290000.0,0.0,0.0,75800.0,347290000.0,1400.0,0.0,0.0,-1400.0,6402000.0,0.0,0.0,-6402000.0
20/07/2022,4600.0,4520.0,80.0,0.01769912,4520.0,4790.0,4520.0,221300.0,1013075000.0,0.0,0.0,221300.0,1013075000.0,4200.0,100.0,0.0,-4300.0,19198000.0,455000.0,0.0,-19653000.0
19/07/2022,4520.0,4490.0,30.0,0.00668151,4490.0,4550.0,4440.0,86800.0,389495000.0,0.0,0.0,86800.0,389495000.0,4700.0,1700.0,0.0,-6400.0,20953000.0,7653000.0,0.0,-28606000.0
18/07/2022,4490.0,4460.0,30.0,0.00672646,4450.0,4530.0,4440.0,170500.0,766266000.0,0.0,0.0,170500.0,766266000.0,9300.0,0.0,0.0,-9300.0,41553000.0,-2000.0,0.0,-41551000.0
15/07/2022,4460.0,4450.0,10.0,0.00224719,4450.0,4470.0,4410.0,67100.0,298437000.0,0.0,0.0,67100.0,298437000.0,9000.0,300.0,0.0,-9300.0,39961000.0,1344000.0,0.0,-41305000.0
14/07/2022,4450.0,4410.0,40.0,0.00907029,4400.0,4450.0,4310.0,99900.0,438314000.0,0.0,0.0,99900.0,438314000.0,9100.0,-100.0,0.0,-9000.0,39764000.0,-439000.0,0.0,-39325000.0
13/07/2022,4410.0,4370.0,40.0,0.00915332,4370.0,4490.0,4370.0,76300.0,336415000.0,0.0,0.0,76300.0,336415000.0,6600.0,0.0,0.0,-6600.0,28973000.0,7000.0,0.0,-28980000.0
12/07/2022,4370.0,4300.0,70.0,0.01627907,4300.0,4450.0,4200.0,65300.0,284915000.0,0.0,0.0,65300.0,284915000.0,5800.0,200.0,0.0,-6000.0,25126000.0,874000.0,0.0,-26000000.0
11/07/2022,4300.0,4210.0,90.0,0.02137767,4210.0,4390.0,4200.0,93900.0,402465000.0,0.0,0.0,93900.0,402465000.0,5100.0,0.0,0.0,-5100.0,21940000.0,14000.0,0.0,-21954000.0
08/07/2022,4210.0,4140.0,70.0,0.01690821,4240.0,4280.0,4140.0,74300.0,315066000.0,0.0,0.0,74300.0,315066000.0,4500.0,0.0,0.0,-4500.0,18903000.0,0.0,0.0,-18903000.0
07/07/2022,4140.0,4150.0,-10.0,-0.00240964,4240.0,4240.0,4100.0,51800.0,214888000.0,0.0,0.0,51800.0,214888000.0,4100.0,0.0,0.0,-4100.0,17008000.0,0.0,0.0,-17008000.0
06/07/2022,4150.0,4370.0,-220.0,-0.05034325,4370.0,4370.0,4150.0,76700.0,326178000.0,0.0,0.0,76700.0,326178000.0,3100.0,200.0,0.0,-3300.0,13181000.0,864000.0,0.0,-14045000.0
05/07/2022,4370.0,4480.0,-110.0,-0.02455357,4480.0,4520.0,4350.0,75700.0,335911000.0,0.0,0.0,75700.0,335911000.0,3700.0,-200.0,-400.0,-3500.0,16282000.0,-863000.0,-1759000.0,-15419000.0
04/07/2022,4480.0,4310.0,170.0,0.03944316,4350.0,4520.0,4310.0,52000.0,231036000.0,0.0,0.0,52000.0,231036000.0,3200.0,0.0,0.0,-3200.0,14018000.0,7000.0,0.0,-14025000.0
01/07/2022,4310.0,4330.0,-20.0,-0.00461894,4200.0,4310.0,4200.0,68500.0,291861000.0,0.0,0.0,68500.0,291861000.0,3300.0,-300.0,0.0,-3000.0,14045000.0,-1281000.0,0.0,-12764000.0
30/06/2022,4330.0,4470.0,-140.0,-0.03131991,4500.0,4500.0,4320.0,37500.0,165848000.0,0.0,0.0,37500.0,165848000.0,3200.0,-100.0,0.0,-3100.0,14056000.0,-439000.0,0.0,-13617000.0
29/06/2022,4470.0,4540.0,-70.0,-0.0154185,4540.0,4570.0,4400.0,83100.0,374532000.0,0.0,0.0,83100.0,374532000.0,2800.0,0.0,0.0,-2800.0,12562000.0,0.0,0.0,-12562000.0
28/06/2022,4540.0,4440.0,100.0,0.02252252,4440.0,4570.0,4270.0,105600.0,470651000.0,0.0,0.0,105600.0,470651000.0,2700.0,100.0,0.0,-2800.0,11866000.0,442000.0,0.0,-12308000.0
27/06/2022,4440.0,4370.0,70.0,0.01601831,4350.0,4480.0,4220.0,67100.0,289911000.0,0.0,0.0,67100.0,289911000.0,3500.0,-400.0,0.0,-3100.0,15095000.0,-1704000.0,0.0,-13391000.0
24/06/2022,4370.0,4370.0,0.0,0.0,4370.0,4400.0,4300.0,49400.0,215003000.0,0.0,0.0,49400.0,215003000.0,3800.0,0.0,0.0,-3800.0,16480000.0,0.0,0.0,-16480000.0
23/06/2022,4370.0,4180.0,190.0,0.04545455,4160.0,4370.0,4060.0,104000.0,446937000.0,0.0,0.0,104000.0,446937000.0,-1200.0,0.0,0.0,1200.0,-5307000.0,6000.0,0.0,5301000.0
22/06/2022,4180.0,4070.0,110.0,0.02702703,4080.0,4210.0,4080.0,96300.0,397957000.0,0.0,0.0,96300.0,397957000.0,4900.0,100.0,0.0,-5000.0,20128000.0,421000.0,0.0,-20549000.0
21/06/2022,4070.0,4370.0,-300.0,-0.06864989,4370.0,4380.0,4070.0,131300.0,537914000.0,0.0,0.0,131300.0,537914000.0,4600.0,100.0,0.0,-4700.0,19060000.0,437000.0,0.0,-19497000.0
20/06/2022,4370.0,4380.0,-10.0,-0.00228311,4390.0,4500.0,4150.0,196700.0,865340000.0,0.0,0.0,196700.0,865340000.0,5300.0,0.0,0.0,-5300.0,23021000.0,0.0,0.0,-23021000.0
17/06/2022,4380.0,4700.0,-320.0,-0.06808511,4680.0,4680.0,4380.0,283200.0,1241958000.0,0.0,0.0,283200.0,1241958000.0,-1200.0,2000.0,0.0,-800.0,-5243000.0,8760000.0,0.0,-3517000.0
16/06/2022,4700.0,4700.0,0.0,0.0,4750.0,4880.0,4380.0,137100.0,642267000.0,0.0,0.0,137100.0,642267000.0,500.0,200.0,0.0,-700.0,3672000.0,933000.0,0.0,-4605000.0
15/06/2022,4700.0,5050.0,-350.0,-0.06930693,5060.0,5270.0,4700.0,281800.0,1346959000.0,0.0,0.0,281800.0,1346959000.0,3100.0,-900.0,0.0,-2200.0,15423000.0,-4347000.0,0.0,-11076000.0
14/06/2022,5050.0,5410.0,-360.0,-0.06654344,5070.0,5290.0,5040.0,171900.0,877758000.0,0.0,0.0,171900.0,877758000.0,4000.0,0.0,0.0,-4000.0,20722000.0,0.0,0.0,-20722000.0
13/06/2022,5410.0,5810.0,-400.0,-0.06884682,5510.0,5680.0,5410.0,274000.0,1495875000.0,0.0,0.0,274000.0,1495875000.0,8700.0,100.0,0.0,-8800.0,47571000.0,549000.0,0.0,-48120000.0
10/06/2022,5810.0,6020.0,-210.0,-0.03488372,5960.0,6050.0,5810.0,178200.0,1058854000.0,0.0,0.0,178200.0,1058854000.0,2200.0,0.0,0.0,-2200.0,13288000.0,0.0,0.0,-13288000.0
09/06/2022,6020.0,6150.0,-130.0,-0.02113821,6150.0,6170.0,6020.0,80000.0,483973000.0,0.0,0.0,80000.0,483973000.0,3100.0,0.0,0.0,-3100.0,18898000.0,4000.0,0.0,-18902000.0
08/06/2022,6150.0,6020.0,130.0,0.02159468,6000.0,6160.0,5890.0,238700.0,1445889000.0,0.0,0.0,238700.0,1445889000.0,2400.0,-500.0,0.0,-1900.0,14720000.0,-3000000.0,0.0,-11720000.0
07/06/2022,6020.0,6010.0,10.0,0.00166389,5950.0,6110.0,5720.0,64700.0,382868000.0,0.0,0.0,64700.0,382868000.0,2400.0,-400.0,0.0,-2000.0,14279000.0,-2377000.0,0.0,-11902000.0
06/06/2022,6010.0,6150.0,-140.0,-0.02276423,6140.0,6140.0,6000.0,130300.0,786490000.0,0.0,0.0,130300.0,786490000.0,1100.0,-300.0,0.0,-800.0,6686000.0,-1791000.0,0.0,-4895000.0
03/06/2022,6150.0,6000.0,150.0,0.025,6010.0,6190.0,6010.0,206500.0,1264253000.0,0.0,0.0,206500.0,1264253000.0,-2800.0,200.0,0.0,2600.0,-17179000.0,1237000.0,0.0,15942000.0
02/06/2022,6000.0,5990.0,10.0,0.00166945,6010.0,6150.0,6000.0,203300.0,1230443000.0,0.0,0.0,203300.0,1230443000.0,500.0,100.0,0.0,-600.0,2964000.0,632000.0,0.0,-3596000.0
01/06/2022,5990.0,6250.0,-260.0,-0.0416,5990.0,6230.0,5990.0,257000.0,1560051000.0,0.0,0.0,257000.0,1560051000.0,200.0,0.0,0.0,-200.0,970000.0,26000.0,0.0,-996000.0
31/05/2022,6250.0,6380.0,-130.0,-0.02037618,6000.0,6400.0,6000.0,297000.0,1849183000.0,0.0,0.0,297000.0,1849183000.0,2500.0,-100.0,0.0,-2400.0,15923000.0,-668000.0,0.0,-15255000.0
30/05/2022,6380.0,5970.0,410.0,0.06867672,6380.0,6380.0,6380.0,169400.0,1080772000.0,0.0,0.0,169400.0,1080772000.0,300.0,-200.0,0.0,-100.0,1914000.0,-1276000.0,0.0,-638000.0
27/05/2022,5970.0,5580.0,390.0,0.06989247,5600.0,5970.0,5580.0,296400.0,1741600000.0,0.0,0.0,296400.0,1741600000.0,500.0,-100.0,0.0,-400.0,2784000.0,-597000.0,0.0,-2187000.0
26/05/2022,5580.0,5630.0,-50.0,-0.00888099,5680.0,5680.0,5520.0,128500.0,718603000.0,0.0,0.0,128500.0,718603000.0,11200.0,200.0,0.0,-11400.0,62252000.0,1106000.0,0.0,-63358000.0
25/05/2022,5630.0,5530.0,100.0,0.01808318,5540.0,5690.0,5500.0,91600.0,511100000.0,0.0,0.0,91600.0,511100000.0,700.0,0.0,0.0,-700.0,3873000.0,0.0,0.0,-3873000.0
24/05/2022,5530.0,5530.0,0.0,0.0,5700.0,5700.0,5440.0,58400.0,320773000.0,0.0,0.0,58400.0,320773000.0,10000.0,-300.0,0.0,-9700.0,55125000.0,-1636000.0,0.0,-53489000.0
23/05/2022,5530.0,5510.0,20.0,0.00362976,5600.0,5750.0,5480.0,61100.0,340288000.0,0.0,0.0,61100.0,340288000.0,3900.0,100.0,0.0,-4000.0,21553000.0,558000.0,0.0,-22111000.0
20/05/2022,5510.0,5540.0,-30.0,-0.00541516,5540.0,5650.0,5500.0,159900.0,885813000.0,0.0,0.0,159900.0,885813000.0,1600.0,0.0,0.0,-1600.0,8841000.0,8000.0,0.0,-8849000.0
19/05/2022,5540.0,5590.0,-50.0,-0.00894454,5490.0,5660.0,5400.0,63900.0,352464000.0,0.0,0.0,63900.0,352464000.0,100.0,-100.0,0.0,0.0,652000.0,-523000.0,0.0,-129000.0
18/05/2022,5590.0,5560.0,30.0,0.00539568,5560.0,5790.0,5560.0,83500.0,469591000.0,0.0,0.0,83500.0,469591000.0,4500.0,600.0,0.0,-5100.0,25534000.0,3408000.0,0.0,-28942000.0
17/05/2022,5560.0,5200.0,360.0,0.06923077,5420.0,5560.0,5040.0,154400.0,832150000.0,0.0,0.0,154400.0,832150000.0,900.0,-200.0,0.0,-700.0,5118000.0,-990000.0,0.0,-4128000.0
16/05/2022,5200.0,5190.0,10.0,0.00192678,5310.0,5460.0,5050.0,73700.0,389242000.0,0.0,0.0,73700.0,389242000.0,-3600.0,100.0,0.0,3500.0,-19196000.0,519000.0,0.0,18677000.0
13/05/2022,5190.0,5580.0,-390.0,-0.06989247,5250.0,5740.0,5190.0,178700.0,944647000.0,0.0,0.0,178700.0,944647000.0,5200.0,-100.0,0.0,-5100.0,28464000.0,-567000.0,0.0,-27897000.0
12/05/2022,5580.0,6000.0,-420.0,-0.07,5910.0,6110.0,5580.0,119100.0,684422000.0,0.0,0.0,119100.0,684422000.0,13800.0,-500.0,0.0,-13300.0,80806000.0,-2866000.0,0.0,-77940000.0
11/05/2022,6000.0,5880.0,120.0,0.02040816,5880.0,6150.0,5860.0,98300.0,589773000.0,0.0,0.0,98300.0,589773000.0,7100.0,200.0,0.0,-7300.0,42307000.0,1208000.0,0.0,-43515000.0
10/05/2022,5880.0,5720.0,160.0,0.02797203,5500.0,5890.0,5330.0,174400.0,969631000.0,0.0,0.0,174400.0,969631000.0,-3600.0,100.0,0.0,3500.0,-19980000.0,575000.0,0.0,19405000.0
09/05/2022,5720.0,6150.0,-430.0,-0.0699187,6150.0,6150.0,5720.0,140700.0,816032000.0,0.0,0.0,140700.0,816032000.0,7200.0,300.0,0.0,-7500.0,42217000.0,1752000.0,0.0,-43969000.0
06/05/2022,6150.0,6400.0,-250.0,-0.0390625,5980.0,6290.0,5980.0,131300.0,803903000.0,0.0,0.0,131300.0,803903000.0,-800.0,300.0,0.0,500.0,-4871000.0,1857000.0,0.0,3014000.0
05/05/2022,6400.0,6600.0,-200.0,-0.03030303,6600.0,6600.0,6310.0,122700.0,792653000.0,0.0,0.0,122700.0,792653000.0,9400.0,-100.0,0.0,-9300.0,60754000.0,-642000.0,0.0,-60112000.0
04/05/2022,6600.0,6730.0,-130.0,-0.01931649,6870.0,6870.0,6500.0,102000.0,674199000.0,0.0,0.0,102000.0,674199000.0,5500.0,100.0,0.0,-5600.0,36456000.0,676000.0,0.0,-37132000.0
29/04/2022,6730.0,6320.0,410.0,0.06487342,6320.0,6750.0,6310.0,575200.0,3743048000.0,0.0,0.0,575200.0,3743048000.0,-3600.0,200.0,0.0,3400.0,-22267000.0,1336000.0,0.0,20931000.0
28/04/2022,6320.0,6380.0,-60.0,-0.00940439,6360.0,6500.0,6310.0,138900.0,884256000.0,0.0,0.0,138900.0,884256000.0,12800.0,600.0,0.0,-13400.0,81477000.0,3846000.0,0.0,-85323000.0
27/04/2022,6380.0,6120.0,260.0,0.04248366,6200.0,6390.0,6100.0,121200.0,752944000.0,0.0,0.0,121200.0,752944000.0,5500.0,200.0,0.0,-5700.0,33969000.0,1254000.0,0.0,-35223000.0
26/04/2022,6120.0,5970.0,150.0,0.02512563,5890.0,6120.0,5700.0,153000.0,900950000.0,0.0,0.0,153000.0,900950000.0,-4500.0,300.0,0.0,4200.0,-26076000.0,1775000.0,0.0,24301000.0
25/04/2022,5970.0,6000.0,-30.0,-0.005,6390.0,6390.0,5700.0,293100.0,1807466000.0,0.0,0.0,293100.0,1807466000.0,11400.0,-300.0,0.0,-11100.0,71019000.0,-1754000.0,0.0,-69265000.0
22/04/2022,6000.0,5850.0,150.0,0.02564103,5540.0,6250.0,5540.0,259500.0,1560481000.0,0.0,0.0,259500.0,1560481000.0,-3600.0,0.0,0.0,3600.0,-20584000.0,-4000.0,0.0,20588000.0
21/04/2022,5850.0,6290.0,-440.0,-0.06995231,5860.0,5950.0,5850.0,548100.0,3210357000.0,0.0,0.0,548100.0,3210357000.0,-14400.0,100.0,0.0,14300.0,-84573000.0,585000.0,0.0,83988000.0
20/04/2022,6290.0,6760.0,-470.0,-0.06952663,6320.0,6900.0,6290.0,395600.0,2504927000.0,0.0,0.0,395600.0,2504927000.0,-27300.0,100.0,0.0,27200.0,-173115000.0,692000.0,0.0,172423000.0
19/04/2022,6760.0,7260.0,-500.0,-0.06887052,7270.0,7470.0,6760.0,417200.0,2866951000.0,0.0,0.0,417200.0,2866951000.0,4000.0,400.0,0.0,-4400.0,30301000.0,2872000.0,0.0,-33173000.0
18/04/2022,7260.0,7800.0,-540.0,-0.06923077,7800.0,7980.0,7260.0,390000.0,2863979000.0,0.0,0.0,390000.0,2863979000.0,2900.0,0.0,0.0,-2900.0,24039000.0,6000.0,0.0,-24045000.0
15/04/2022,7800.0,8000.0,-200.0,-0.025,8000.0,8000.0,7800.0,124000.0,976101000.0,0.0,0.0,124000.0,976101000.0,14900.0,-500.0,0.0,-14400.0,117502000.0,-3892000.0,0.0,-113610000.0
14/04/2022,8000.0,8000.0,0.0,0.0,8000.0,8100.0,7830.0,218900.0,1728796000.0,0.0,0.0,218900.0,1728796000.0,3100.0,500.0,0.0,-3600.0,24933000.0,3958000.0,0.0,-28891000.0
13/04/2022,8000.0,8090.0,-90.0,-0.01112485,8050.0,8090.0,7540.0,273300.0,2115924000.0,0.0,0.0,273300.0,2115924000.0,52000.0,300.0,0.0,-52300.0,403379000.0,2396000.0,0.0,-405775000.0
12/04/2022,8090.0,8500.0,-410.0,-0.04823529,8530.0,8700.0,8000.0,326900.0,2657953000.0,0.0,0.0,326900.0,2657953000.0,15800.0,0.0,0.0,-15800.0,128488000.0,43000.0,0.0,-128531000.0
08/04/2022,8500.0,8710.0,-210.0,-0.02411022,8710.0,8880.0,8360.0,176700.0,1508415000.0,0.0,0.0,176700.0,1508415000.0,21200.0,100.0,0.0,-21300.0,182767000.0,878000.0,0.0,-183645000.0
07/04/2022,8710.0,8760.0,-50.0,-0.00570776,8790.0,8990.0,8700.0,223500.0,1960005000.0,0.0,0.0,223500.0,1960005000.0,24000.0,100.0,0.0,-24100.0,210808000.0,877000.0,0.0,-211685000.0
06/04/2022,8760.0,8860.0,-100.0,-0.01128668,8820.0,9100.0,8750.0,257500.0,2291877000.0,0.0,0.0,257500.0,2291877000.0,5200.0,0.0,0.0,-5200.0,45875000.0,54000.0,0.0,-45929000.0
05/04/2022,8860.0,8970.0,-110.0,-0.0122631,8970.0,8970.0,8760.0,222200.0,1969833000.0,0.0,0.0,222200.0,1969833000.0,-8900.0,-500.0,0.0,9400.0,-79244000.0,-4433000.0,0.0,83677000.0
04/04/2022,8970.0,9040.0,-70.0,-0.00774336,9050.0,9200.0,8960.0,235300.0,2122973000.0,0.0,0.0,235300.0,2122973000.0,-5400.0,-400.0,0.0,5800.0,-49342000.0,-3596000.0,0.0,52938000.0
01/04/2022,9040.0,9010.0,30.0,0.00332963,8800.0,9050.0,8520.0,371500.0,3268571000.0,0.0,0.0,371500.0,3268571000.0,-8100.0,-500.0,0.0,8600.0,-72506000.0,-4442000.0,0.0,76948000.0
31/03/2022,9010.0,9020.0,-10.0,-0.00110865,9150.0,9250.0,8890.0,292700.0,2654974000.0,0.0,0.0,292700.0,2654974000.0,18700.0,600.0,0.0,-19300.0,169638000.0,5522000.0,0.0,-175160000.0
30/03/2022,9020.0,9380.0,-360.0,-0.03837953,9120.0,9790.0,9010.0,685300.0,6385126000.0,0.0,0.0,685300.0,6385126000.0,29700.0,-800.0,0.0,-28900.0,278739000.0,-7450000.0,0.0,-271289000.0
29/03/2022,9380.0,8800.0,580.0,0.06590909,8880.0,9410.0,8850.0,1014600.0,9365595000.0,0.0,0.0,1014600.0,9365595000.0,-35300.0,-500.0,0.0,35800.0,-321977000.0,-4332000.0,0.0,326309000.0
28/03/2022,8800.0,9050.0,-250.0,-0.02762431,9050.0,9150.0,8510.0,482200.0,4268205000.0,0.0,0.0,482200.0,4268205000.0,-1500.0,0.0,0.0,1500.0,-13479000.0,38000.0,0.0,13441000.0
25/03/2022,9050.0,8890.0,160.0,0.01799775,8900.0,9170.0,8810.0,840800.0,7593256000.0,0.0,0.0,840800.0,7593256000.0,-700.0,-2100.0,0.0,2800.0,-6065000.0,-19062000.0,0.0,25127000.0
24/03/2022,8890.0,8970.0,-80.0,-0.00891862,8960.0,8960.0,8700.0,231300.0,2043772000.0,0.0,0.0,231300.0,2043772000.0,-20100.0,1300.0,0.0,18800.0,-177455000.0,11473000.0,0.0,165982000.0
23/03/2022,8970.0,8770.0,200.0,0.02280502,8780.0,9100.0,8710.0,772800.0,6906341000.0,0.0,0.0,772800.0,6906341000.0,-7300.0,-500.0,0.0,7800.0,-63869000.0,-4481000.0,0.0,68350000.0
22/03/2022,8770.0,8800.0,-30.0,-0.00340909,8800.0,8810.0,8700.0,358000.0,3138428000.0,0.0,0.0,358000.0,3138428000.0,-9100.0,1200.0,0.0,7900.0,-79795000.0,10512000.0,0.0,69283000.0
21/03/2022,8800.0,8530.0,270.0,0.03165299,8450.0,8880.0,8450.0,444700.0,3882086000.0,0.0,0.0,444700.0,3882086000.0,-33600.0,-1400.0,0.0,35000.0,-292016000.0,-12245000.0,0.0,304261000.0
18/03/2022,8530.0,8520.0,10.0,0.00117371,8600.0,8640.0,8480.0,381200.0,3254025000.0,0.0,0.0,381200.0,3254025000.0,-7600.0,400.0,0.0,7200.0,-64995000.0,3443000.0,0.0,61552000.0
17/03/2022,8520.0,8400.0,120.0,0.01428571,8440.0,8650.0,8440.0,260900.0,2226489000.0,0.0,0.0,260900.0,2226489000.0,-10100.0,500.0,0.0,9600.0,-86413000.0,4277000.0,0.0,82136000.0
16/03/2022,8400.0,8250.0,150.0,0.01818182,8300.0,8500.0,8000.0,172700.0,1435783000.0,0.0,0.0,172700.0,1435783000.0,-700.0,100.0,0.0,600.0,-5612000.0,845000.0,0.0,4767000.0
15/03/2022,8250.0,8250.0,0.0,0.0,8100.0,8390.0,8100.0,343500.0,2821057000.0,0.0,0.0,343500.0,2821057000.0,15500.0,-100.0,0.0,-15400.0,126485000.0,-710000.0,0.0,-125775000.0
14/03/2022,8250.0,8640.0,-390.0,-0.04513889,8600.0,8600.0,8200.0,343200.0,2859666000.0,0.0,0.0,343200.0,2859666000.0,17700.0,-100.0,0.0,-17600.0,147687000.0,-840000.0,0.0,-146847000.0
11/03/2022,8640.0,8820.0,-180.0,-0.02040816,8820.0,8850.0,8610.0,314500.0,2741189000.0,0.0,0.0,314500.0,2741189000.0,5500.0,-19400.0,0.0,13900.0,46714000.0,-167753000.0,0.0,121039000.0
10/03/2022,8820.0,8390.0,430.0,0.05125149,8400.0,8950.0,8400.0,330700.0,2896175000.0,0.0,0.0,330700.0,2896175000.0,-10900.0,0.0,0.0,10900.0,-95795000.0,-43000.0,0.0,95838000.0
09/03/2022,8390.0,8640.0,-250.0,-0.02893519,8530.0,8640.0,8290.0,353100.0,2956764000.0,0.0,0.0,353100.0,2956764000.0,3400.0,800.0,0.0,-4200.0,28183000.0,6799000.0,0.0,-34982000.0
08/03/2022,8640.0,8920.0,-280.0,-0.03139013,8860.0,8860.0,8600.0,416300.0,3625521000.0,0.0,0.0,416300.0,3625521000.0,5800.0,1600.0,0.0,-7400.0,49855000.0,13932000.0,0.0,-63787000.0
07/03/2022,8920.0,9050.0,-130.0,-0.01436464,9100.0,9100.0,8500.0,588800.0,5270563000.0,0.0,0.0,588800.0,5270563000.0,9100.0,500.0,0.0,-9600.0,80712000.0,4487000.0,0.0,-85199000.0
04/03/2022,9050.0,8600.0,450.0,0.05232558,8630.0,9180.0,8610.0,1166300.0,10538297000.0,0.0,0.0,1166300.0,10538297000.0,65600.0,20000.0,0.0,-85600.0,576901000.0,181685000.0,0.0,-758586000.0
03/03/2022,8600.0,8300.0,300.0,0.03614458,8360.0,8600.0,8300.0,396000.0,3330167000.0,0.0,0.0,396000.0,3330167000.0,1900.0,-700.0,0.0,-1200.0,15843000.0,-5832000.0,0.0,-10011000.0
02/03/2022,8300.0,8190.0,110.0,0.01343101,8210.0,8500.0,8210.0,471300.0,3936067000.0,0.0,0.0,471300.0,3936067000.0,-6400.0,600.0,0.0,5800.0,-53430000.0,4962000.0,0.0,48468000.0
01/03/2022,8190.0,8120.0,70.0,0.00862069,8150.0,8200.0,8080.0,292700.0,2381942000.0,0.0,0.0,292700.0,2381942000.0,-4400.0,100.0,0.0,4300.0,-35806000.0,812000.0,0.0,34994000.0
28/02/2022,8120.0,8130.0,-10.0,-0.00123001,8100.0,8300.0,8080.0,185800.0,1513619000.0,0.0,0.0,185800.0,1513619000.0,4600.0,100.0,0.0,-4700.0,37350000.0,819000.0,0.0,-38169000.0
25/02/2022,8130.0,8000.0,130.0,0.01625,8100.0,8250.0,8020.0,192200.0,1560388000.0,0.0,0.0,192200.0,1560388000.0,-8900.0,0.0,0.0,8900.0,-72270000.0,1000.0,0.0,72269000.0
24/02/2022,8000.0,8310.0,-310.0,-0.03730445,8280.0,8310.0,7740.0,388400.0,3132164000.0,0.0,0.0,388400.0,3132164000.0,4100.0,-200.0,-100.0,-3900.0,31553000.0,-1660000.0,-800000.0,-29893000.0
23/02/2022,8310.0,8190.0,120.0,0.01465201,8160.0,8450.0,8150.0,620400.0,5105789000.0,0.0,0.0,620400.0,5105789000.0,-8000.0,-100.0,0.0,8100.0,-65536000.0,-875000.0,0.0,66411000.0
22/02/2022,8190.0,8400.0,-210.0,-0.025,8350.0,8380.0,8150.0,414500.0,3419971000.0,0.0,0.0,414500.0,3419971000.0,7300.0,-500.0,0.0,-6800.0,59935000.0,-4135000.0,0.0,-55800000.0
21/02/2022,8400.0,8090.0,310.0,0.03831891,8100.0,8500.0,8100.0,352900.0,2928858000.0,0.0,0.0,352900.0,2928858000.0,-90900.0,900.0,0.0,90000.0,-756122000.0,7443000.0,0.0,748679000.0
18/02/2022,8090.0,8000.0,90.0,0.01125,7990.0,8130.0,7950.0,242500.0,1954213000.0,0.0,0.0,242500.0,1954213000.0,-17100.0,500.0,0.0,16600.0,-137980000.0,4037000.0,0.0,133943000.0
17/02/2022,8000.0,8140.0,-140.0,-0.01719902,8140.0,8200.0,8000.0,299700.0,2428063000.0,0.0,0.0,299700.0,2428063000.0,-600.0,-200.0,0.0,800.0,-4848000.0,-1610000.0,0.0,6458000.0
16/02/2022,8140.0,7880.0,260.0,0.0329949239,7820.0,8290.0,7820.0,184800.0,1486147000.0,0.0,0.0,184800.0,1486147000.0,-4600.0,100.0,0.0,4500.0,-36681000.0,824000.0,0.0,35857000.0
15/02/2022,7880.0,7900.0,-20.0,-0.0025316456,7900.0,7910.0,7800.0,120900.0,949637000.0,0.0,0.0,120900.0,949637000.0,-1400.0,700.0,0.0,700.0,-11091000.0,5535000.0,0.0,5556000.0
14/02/2022,7900.0,7900.0,0.0,0.0,7890.0,7950.0,7790.0,308600.0,2427941000.0,0.0,0.0,308600.0,2427941000.0,-900.0,200.0,0.0,700.0,-7071000.0,1585000.0,0.0,5486000.0
11/02/2022,7900.0,8000.0,-100.0,-0.0125,8000.0,8000.0,7880.0,191700.0,1514315000.0,0.0,0.0,191700.0,1514315000.0,-900.0,0.0,0.0,900.0,-7081000.0,0.0,0.0,7081000.0
10/02/2022,8000.0,7840.0,160.0,0.0204081633,7860.0,8100.0,7860.0,179000.0,1428285000.0,0.0,0.0,179000.0,1428285000.0,2200.0,500.0,0.0,-2700.0,17598000.0,4003000.0,0.0,-21601000.0
09/02/2022,7840.0,7890.0,-50.0,-0.0063371356,7900.0,7900.0,7700.0,132100.0,1026955000.0,0.0,0.0,132100.0,1026955000.0,2000.0,700.0,-100.0,-2700.0,15714000.0,5512000.0,-781000.0,-21226000.0
08/02/2022,7890.0,7780.0,110.0,0.0141388175,7250.0,7980.0,7250.0,239800.0,1876789000.0,0.0,0.0,239800.0,1876789000.0,-1600.0,500.0,0.0,1100.0,-11424000.0,3944000.0,0.0,7480000.0
07/02/2022,7780.0,7280.0,500.0,0.0686813187,7300.0,7780.0,7300.0,270000.0,2088594000.0,0.0,0.0,270000.0,2088594000.0,-24400.0,300.0,0.0,24100.0,-188761000.0,2322000.0,0.0,186439000.0
28/01/2022,7280.0,7270.0,10.0,0.0013755158,7050.0,7500.0,7050.0,143000.0,1032624000.0,0.0,0.0,143000.0,1032624000.0,-4800.0,100.0,0.0,4700.0,-35108000.0,726000.0,0.0,34382000.0
27/01/2022,7270.0,7320.0,-50.0,-0.0068306011,7320.0,7400.0,7130.0,194700.0,1403064000.0,0.0,0.0,194700.0,1403064000.0,4600.0,0.0,0.0,-4600.0,33099000.0,0.0,0.0,-33099000.0
26/01/2022,7320.0,7590.0,-270.0,-0.0355731225,7600.0,7610.0,7320.0,335400.0,2502552000.0,0.0,0.0,335400.0,2502552000.0,30000.0,100.0,0.0,-30100.0,224572000.0,750000.0,0.0,-225322000.0
25/01/2022,7590.0,7490.0,100.0,0.0133511348,7030.0,7800.0,7030.0,100400.0,740440000.0,0.0,0.0,100400.0,740440000.0,-1700.0,0.0,0.0,1700.0,-12710000.0,0.0,0.0,12710000.0
24/01/2022,7490.0,8050.0,-560.0,-0.0695652174,8100.0,8270.0,7490.0,411500.0,3164402000.0,0.0,0.0,411500.0,3164402000.0,37200.0,0.0,0.0,-37200.0,298582000.0,0.0,0.0,-298582000.0
21/01/2022,8050.0,7840.0,210.0,0.0267857143,8050.0,8380.0,8030.0,470400.0,3861156000.0,0.0,0.0,470400.0,3861156000.0,59300.0,1000.0,0.0,-60300.0,488123000.0,8300000.0,0.0,-496423000.0
20/01/2022,7840.0,7330.0,510.0,0.0695770805,6850.0,7840.0,6850.0,276100.0,2091692000.0,0.0,0.0,276100.0,2091692000.0,11700.0,200.0,0.0,-11900.0,93495000.0,1520000.0,0.0,-95015000.0
19/01/2022,7330.0,7880.0,-550.0,-0.0697969543,7330.0,7500.0,7330.0,727600.0,5347419000.0,0.0,0.0,727600.0,5347419000.0,-105400.0,200.0,0.0,105200.0,-772338000.0,1488000.0,0.0,770850000.0
18/01/2022,7880.0,8470.0,-590.0,-0.0696576151,7880.0,8300.0,7880.0,442600.0,3496051000.0,0.0,0.0,442600.0,3496051000.0,-30300.0,400.0,0.0,29900.0,-243667000.0,3166000.0,0.0,240501000.0
17/01/2022,8470.0,9100.0,-630.0,-0.0692307692,9100.0,9300.0,8470.0,640300.0,5618455000.0,0.0,0.0,640300.0,5618455000.0,15500.0,0.0,0.0,-15500.0,143674000.0,0.0,0.0,-143674000.0
14/01/2022,9100.0,9540.0,-440.0,-0.0461215933,8880.0,9500.0,8880.0,947100.0,8524830000.0,0.0,0.0,947100.0,8524830000.0,-10100.0,300.0,0.0,9800.0,-89757000.0,2745000.0,0.0,87012000.0
13/01/2022,9540.0,10250.0,-710.0,-0.0692682927,9540.0,10250.0,9540.0,1179700.0,11344769000.0,0.0,0.0,1179700.0,11344769000.0,10400.0,1600.0,0.0,-12000.0,98718000.0,15848000.0,0.0,-114566000.0
12/01/2022,10250.0,11000.0,-750.0,-0.0681818182,10300.0,10800.0,10250.0,1486500.0,15390395000.0,0.0,0.0,1486500.0,15390395000.0,-22700.0,-100.0,-100.0,22800.0,-233800000.0,-1050000.0,-1050000.0,234850000.0
11/01/2022,11000.0,11700.0,-700.0,-0.0598290598,11500.0,11950.0,10900.0,1263300.0,14367975000.0,0.0,0.0,1263300.0,14367975000.0,16000.0,300.0,0.0,-16300.0,186115000.0,3435000.0,0.0,-189550000.0
10/01/2022,11700.0,10950.0,750.0,0.0684931507,11700.0,11700.0,11600.0,1509100.0,17646245000.0,0.0,0.0,1509100.0,17646245000.0,-100.0,0.0,0.0,100.0,-1550000.0,0.0,0.0,1550000.0
07/01/2022,10950.0,10250.0,700.0,0.0682926829,10200.0,10950.0,10150.0,2148200.0,23186865000.0,0.0,0.0,2148200.0,23186865000.0,-57600.0,300.0,0.0,57300.0,-616145000.0,3165000.0,0.0,612980000.0
06/01/2022,10250.0,10200.0,50.0,0.0049019608,10450.0,10500.0,10150.0,1033500.0,10692415000.0,0.0,0.0,1033500.0,10692415000.0,-23400.0,0.0,0.0,23400.0,-242540000.0,15000.0,0.0,242525000.0
05/01/2022,10200.0,9920.0,280.0,0.0282258065,9910.0,10300.0,9900.0,733200.0,7372661000.0,0.0,0.0,733200.0,7372661000.0,-27300.0,-3200.0,-100.0,30500.0,-273043000.0,-31834000.0,-991000.0,304877000.0
04/01/2022,9920.0,9900.0,20.0,0.002020202,10000.0,10000.0,9600.0,677300.0,6656019000.0,0.0,0.0,677300.0,6656019000.0,-23200.0,-4700.0,0.0,27900.0,-228735000.0,-46008000.0,0.0,274743000.0
31/12/2021,9900.0,9950.0,-50.0,-0.0050251256,9940.0,10400.0,9660.0,757400.0,7520865000.0,0.0,0.0,757400.0,7520865000.0,23900.0,100.0,0.0,-24000.0,238316000.0,1015000.0,0.0,-239331000.0
30/12/2021,9950.0,10200.0,-250.0,-0.0245098039,10200.0,10200.0,9940.0,866200.0,8694353000.0,0.0,0.0,866200.0,8694353000.0,3400.0,700.0,0.0,-4100.0,33938000.0,7070000.0,0.0,-41008000.0
29/12/2021,10200.0,10450.0,-250.0,-0.023923445,10600.0,10600.0,10100.0,770800.0,7887520000.0,0.0,0.0,770800.0,7887520000.0,12100.0,700.0,0.0,-12800.0,123350000.0,7550000.0,0.0,-130900000.0
28/12/2021,10450.0,10400.0,50.0,0.0048076923,10700.0,10700.0,10200.0,1336200.0,13953205000.0,0.0,0.0,1336200.0,13953205000.0,-28900.0,5200.0,0.0,23700.0,-303300000.0,54440000.0,0.0,248860000.0
27/12/2021,10400.0,10350.0,50.0,0.0048309179,10400.0,10500.0,10000.0,627900.0,6456775000.0,0.0,0.0,627900.0,6456775000.0,-8800.0,0.0,0.0,8800.0,-89745000.0,0.0,0.0,89745000.0
24/12/2021,10350.0,10700.0,-350.0,-0.0327102804,11100.0,11100.0,10200.0,768600.0,8188900000.0,0.0,0.0,768600.0,8188900000.0,59100.0,300.0,0.0,-59400.0,626220000.0,3225000.0,0.0,-629445000.0
23/12/2021,10700.0,10250.0,450.0,0.043902439,10300.0,10900.0,10300.0,2038800.0,21716705000.0,0.0,0.0,2038800.0,21716705000.0,5700.0,2100.0,0.0,-7800.0,60550000.0,22455000.0,0.0,-83005000.0
22/12/2021,10250.0,10100.0,150.0,0.0148514851,10000.0,10800.0,10000.0,1558000.0,16281680000.0,0.0,0.0,1558000.0,16281680000.0,19700.0,0.0,0.0,-19700.0,212740000.0,0.0,0.0,-212740000.0
21/12/2021,10100.0,10200.0,-100.0,-0.0098039216,10200.0,10200.0,9900.0,582800.0,5849232000.0,0.0,0.0,582800.0,5849232000.0,-6900.0,0.0,0.0,6900.0,-69656000.0,0.0,0.0,69656000.0
20/12/2021,10200.0,10250.0,-50.0,-0.0049,10350.0,10550.0,9900.0,866900.0,8812282000.0,0.0,0.0,866900.0,8812282000.0,24400.0,100.0,0.0,-24500.0,245652000.0,1025000.0,0.0,-246677000.0
17/12/2021,10250.0,9600.0,650.0,0.0677083333,9700.0,10250.0,9650.0,1603400.0,16300745000.0,0.0,0.0,1603400.0,16300745000.0,1700.0,0.0,0.0,-1700.0,21662000.0,0.0,0.0,-21662000.0
16/12/2021,9600.0,9470.0,130.0,0.0137275607,9470.0,9680.0,9410.0,545900.0,5214617000.0,0.0,0.0,545900.0,5214617000.0,-15000.0,0.0,0.0,15000.0,-141717000.0,0.0,0.0,141717000.0
15/12/2021,9470.0,9610.0,-140.0,-0.0145681582,9700.0,9700.0,9460.0,457300.0,4362784000.0,0.0,0.0,457300.0,4362784000.0,5900.0,0.0,0.0,-5900.0,56345000.0,0.0,0.0,-56345000.0
14/12/2021,9610.0,9310.0,300.0,0.0322234157,9340.0,9800.0,9340.0,774800.0,7440118000.0,0.0,0.0,774800.0,7440118000.0,10700.0,-100.0,-100.0,-10600.0,104145000.0,-962000.0,-962000.0,-103183000.0
13/12/2021,9310.0,9290.0,20.0,0.0021528525,9290.0,9490.0,9290.0,378200.0,3534377000.0,0.0,0.0,378200.0,3534377000.0,-3300.0,-100.0,-100.0,3400.0,-31322000.0,-931000.0,-931000.0,32253000.0
10/12/2021,9290.0,9270.0,20.0,0.0021574973,9270.0,9900.0,9110.0,425900.0,3950513000.0,0.0,0.0,425900.0,3950513000.0,8800.0,0.0,0.0,-8800.0,82554000.0,0.0,0.0,-82554000.0
09/12/2021,9270.0,9110.0,160.0,0.0175631175,9300.0,9300.0,9070.0,371500.0,3416006000.0,0.0,0.0,371500.0,3416006000.0,-3700.0,-300.0,-300.0,4000.0,-33676000.0,-2781000.0,-2781000.0,36457000.0
08/12/2021,9110.0,9260.0,-150.0,-0.0161987041,9340.0,9350.0,9000.0,415700.0,3805943000.0,0.0,0.0,415700.0,3805943000.0,4300.0,0.0,0.0,-4300.0,39331000.0,0.0,0.0,-39331000.0
07/12/2021,9260.0,9050.0,210.0,0.0232044199,9100.0,9370.0,8600.0,601700.0,5413440000.0,0.0,0.0,601700.0,5413440000.0,-15200.0,0.0,0.0,15200.0,-135079000.0,0.0,0.0,135079000.0
06/12/2021,9050.0,9690.0,-640.0,-0.0660474716,9640.0,9640.0,9030.0,623400.0,5831506000.0,0.0,0.0,623400.0,5831506000.0,16600.0,0.0,0.0,-16600.0,155206000.0,0.0,0.0,-155206000.0
03/12/2021,9690.0,9970.0,-280.0,-0.0280842528,10400.0,10400.0,9550.0,916300.0,9237255000.0,0.0,0.0,916300.0,9237255000.0,66700.0,0.0,0.0,-66700.0,670702000.0,0.0,0.0,-670702000.0
02/12/2021,9970.0,9320.0,650.0,0.0697424893,9400.0,9970.0,9400.0,828500.0,8167529000.0,0.0,0.0,828500.0,8167529000.0,2600.0,0.0,0.0,-2600.0,28009000.0,0.0,0.0,-28009000.0
01/12/2021,9320.0,9500.0,-180.0,-0.0189473684,9500.0,9530.0,9300.0,521200.0,4876605000.0,0.0,0.0,521200.0,4876605000.0,20200.0,0.0,0.0,-20200.0,188854000.0,0.0,0.0,-188854000.0
30/11/2021,9500.0,9320.0,180.0,0.0193133047,9550.0,9550.0,9320.0,820500.0,7759327000.0,0.0,0.0,820500.0,7759327000.0,-5700.0,0.0,0.0,5700.0,-54302000.0,0.0,0.0,54302000.0
29/11/2021,9320.0,9450.0,-130.0,-0.0137566138,8900.0,9550.0,8900.0,633800.0,5919979000.0,0.0,0.0,633800.0,5919979000.0,-18900.0,0.0,0.0,18900.0,-175217000.0,0.0,0.0,175217000.0
26/11/2021,9450.0,9200.0,250.0,0.027173913,9200.0,9490.0,9010.0,861100.0,8021396000.0,0.0,0.0,861100.0,8021396000.0,-7400.0,0.0,0.0,7400.0,-69031000.0,0.0,0.0,69031000.0
25/11/2021,9200.0,9360.0,-160.0,-0.0170940171,9100.0,9590.0,9080.0,781500.0,7223030000.0,0.0,0.0,781500.0,7223030000.0,2100.0,-3000.0,0.0,900.0,20366000.0,-27450000.0,0.0,7084000.0
24/11/2021,9360.0,9690.0,-330.0,-0.0340557276,9750.0,10050.0,9350.0,750700.0,7256778000.0,0.0,0.0,750700.0,7256778000.0,40600.0,-100.0,-100.0,-40500.0,394718000.0,-961000.0,-961000.0,-393757000.0
23/11/2021,9690.0,10050.0,-360.0,-0.0358208955,9350.0,9900.0,9350.0,941500.0,8968615000.0,0.0,0.0,941500.0,8968615000.0,37000.0,0.0,0.0,-37000.0,354674000.0,0.0,0.0,-354674000.0
22/11/2021,10050.0,10800.0,-750.0,-0.0694444444,10750.0,10750.0,10050.0,1101700.0,11199110000.0,0.0,0.0,1101700.0,11199110000.0,55400.0,0.0,0.0,-55400.0,559685000.0,0.0,0.0,-559685000.0
19/11/2021,10800.0,10750.0,50.0,0.0046511628,10500.0,11000.0,10000.0,1750100.0,18380965000.0,0.0,0.0,1750100.0,18380965000.0,-11000.0,0.0,0.0,11000.0,-115740000.0,0.0,0.0,115740000.0
18/11/2021,10750.0,10900.0,-150.0,-0.0137614679,11500.0,11500.0,10700.0,1371800.0,15175850000.0,0.0,0.0,1371800.0,15175850000.0,28000.0,3000.0,0.0,-31000.0,308870000.0,33900000.0,0.0,-342770000.0
17/11/2021,10900.0,10200.0,700.0,0.068627451,10000.0,10900.0,9800.0,1762100.0,17908972000.0,0.0,0.0,1762100.0,17908972000.0,-8000.0,0.0,0.0,8000.0,-76634000.0,0.0,0.0,76634000.0
16/11/2021,10200.0,10950.0,-750.0,-0.0684931507,10500.0,10800.0,10200.0,1866600.0,19346115000.0,0.0,0.0,1866600.0,19346115000.0,-6900.0,-10000.0,0.0,16900.0,-73680000.0,-103900000.0,0.0,177580000.0
15/11/2021,10950.0,10250.0,700.0,0.0682926829,10900.0,10950.0,10400.0,1440700.0,15490830000.0,0.0,0.0,1440700.0,15490830000.0,18900.0,-300.0,-300.0,-18600.0,197730000.0,-3135000.0,-3135000.0,-194595000.0
12/11/2021,10250.0,9610.0,640.0,0.0665972945,9700.0,10250.0,9400.0,3130500.0,31131105000.0,0.0,0.0,3130500.0,31131105000.0,-35200.0,0.0,0.0,35200.0,-354449000.0,0.0,0.0,354449000.0
11/11/2021,9610.0,9050.0,560.0,0.061878453,9210.0,9680.0,9040.0,2517200.0,24195426000.0,0.0,0.0,2517200.0,24195426000.0,-66900.0,10000.0,0.0,56900.0,-643018000.0,96800000.0,0.0,546218000.0
10/11/2021,9050.0,8990.0,60.0,0.0066740823,8950.0,9200.0,8950.0,676200.0,6126626000.0,0.0,0.0,676200.0,6126626000.0,-40400.0,0.0,0.0,40400.0,-366386000.0,0.0,0.0,366386000.0
09/11/2021,8990.0,9100.0,-110.0,-0.0120879121,9160.0,9200.0,8950.0,721800.0,6536678000.0,0.0,0.0,721800.0,6536678000.0,-5500.0,0.0,0.0,5500.0,-50448000.0,0.0,0.0,50448000.0
08/11/2021,9100.0,8770.0,330.0,0.0376282782,8800.0,9250.0,8800.0,970200.0,8798733000.0,0.0,0.0,970200.0,8798733000.0,-62900.0,0.0,0.0,62900.0,-569230000.0,0.0,0.0,569230000.0
05/11/2021,8770.0,8950.0,-180.0,-0.0201117318,8900.0,8900.0,8410.0,1215500.0,10501633000.0,0.0,0.0,1215500.0,10501633000.0,-9900.0,0.0,0.0,9900.0,-84297000.0,0.0,0.0,84297000.0
04/11/2021,8950.0,8980.0,-30.0,-0.0033407572,8600.0,9000.0,8600.0,533700.0,4743899000.0,0.0,0.0,533700.0,4743899000.0,-4700.0,0.0,0.0,4700.0,-40350000.0,0.0,0.0,40350000.0
03/11/2021,8980.0,9630.0,-650.0,-0.0674974039,9630.0,9810.0,8970.0,1486300.0,13862831000.0,0.0,0.0,1486300.0,13862831000.0,36200.0,-25000.0,0.0,-11200.0,334944000.0,-231641000.0,0.0,-103303000.0
02/11/2021,9630.0,9000.0,630.0,0.07,8800.0,9630.0,8800.0,3377200.0,31953849000.0,0.0,0.0,3377200.0,31953849000.0,-48700.0,0.0,0.0,48700.0,-456795000.0,0.0,0.0,456795000.0
01/11/2021,9000.0,8750.0,250.0,0.0285714286,8700.0,9290.0,8690.0,1548400.0,13942390000.0,0.0,0.0,1548400.0,13942390000.0,-15900.0,0.0,0.0,15900.0,-141780000.0,0.0,0.0,141780000.0
29/10/2021,8750.0,8820.0,-70.0,-0.0079365079,8790.0,8820.0,8510.0,1020500.0,8859340000.0,0.0,0.0,1020500.0,8859340000.0,15800.0,0.0,0.0,-15800.0,133913000.0,0.0,0.0,-133913000.0
28/10/2021,8820.0,8900.0,-80.0,-0.008988764,9000.0,9000.0,8800.0,665400.0,5895841000.0,0.0,0.0,665400.0,5895841000.0,-30600.0,25000.0,0.0,5600.0,-269616000.0,221250000.0,0.0,48366000.0
27/10/2021,8900.0,8790.0,110.0,0.0125142207,9000.0,9300.0,8820.0,1472900.0,13278901000.0,0.0,0.0,1472900.0,13278901000.0,12300.0,0.0,0.0,-12300.0,110213000.0,0.0,0.0,-110213000.0
26/10/2021,8790.0,8220.0,570.0,0.0693430657,8220.0,8790.0,8050.0,1569100.0,13318712000.0,0.0,0.0,1569100.0,13318712000.0,81400.0,0.0,0.0,-81400.0,723322000.0,0.0,0.0,-723322000.0
25/10/2021,8220.0,8300.0,-80.0,-0.0096385542,8400.0,8400.0,8220.0,505200.0,4193211000.0,0.0,0.0,505200.0,4193211000.0,-1200.0,0.0,0.0,1200.0,-10165000.0,0.0,0.0,10165000.0
22/10/2021,8300.0,8250.0,50.0,0.0060606061,8200.0,8440.0,8200.0,894600.0,7433555000.0,0.0,0.0,894600.0,7433555000.0,13800.0,0.0,0.0,-13800.0,114450000.0,0.0,0.0,-114450000.0
21/10/2021,8250.0,7880.0,370.0,0.0469543147,7840.0,8250.0,7820.0,652100.0,5297429000.0,0.0,0.0,652100.0,5297429000.0,-7300.0,-100.0,-100.0,7400.0,-59276000.0,-782000.0,-782000.0,60058000.0
20/10/2021,7880.0,7900.0,-20.0,-0.0025316456,7900.0,7980.0,7730.0,383300.0,3017641000.0,0.0,0.0,383300.0,3017641000.0,-2400.0,0.0,0.0,2400.0,-18714000.0,0.0,0.0,18714000.0
19/10/2021,7900.0,7630.0,270.0,0.0353866317,7640.0,7920.0,7590.0,482400.0,3741789000.0,0.0,0.0,482400.0,3741789000.0,25000.0,0.0,0.0,-25000.0,191562000.0,0.0,0.0,-191562000.0
18/10/2021,7630.0,7740.0,-110.0,-0.0142118863,7800.0,7800.0,7620.0,308500.0,2369688000.0,0.0,0.0,308500.0,2369688000.0,11300.0,0.0,0.0,-11300.0,87222000.0,0.0,0.0,-87222000.0
15/10/2021,7740.0,7900.0,-160.0,-0.0202531646,7900.0,7940.0,7720.0,161000.0,1259119000.0,0.0,0.0,161000.0,1259119000.0,-2900.0,0.0,0.0,2900.0,-23190000.0,0.0,0.0,23190000.0
14/10/2021,7900.0,7700.0,200.0,0.025974026,7550.0,7990.0,7550.0,410900.0,3246155000.0,0.0,0.0,410900.0,3246155000.0,5100.0,0.0,0.0,-5100.0,39587000.0,0.0,0.0,-39587000.0
13/10/2021,7700.0,7790.0,-90.0,-0.0115532734,7800.0,7810.0,7690.0,277300.0,2142502000.0,0.0,0.0,277300.0,2142502000.0,5900.0,0.0,0.0,-5900.0,45664000.0,0.0,0.0,-45664000.0
12/10/2021,7790.0,7880.0,-90.0,-0.0114213198,7880.0,7900.0,7710.0,243500.0,1906717000.0,0.0,0.0,243500.0,1906717000.0,3900.0,0.0,0.0,-3900.0,30452000.0,0.0,0.0,-30452000.0
11/10/2021,7880.0,7880.0,0.0,0.0,7880.0,7950.0,7700.0,282900.0,2218606000.0,0.0,0.0,282900.0,2218606000.0,-6600.0,0.0,0.0,6600.0,-51631000.0,0.0,0.0,51631000.0
08/10/2021,7880.0,7880.0,0.0,0.0,7880.0,7950.0,7770.0,367200.0,2883958000.0,0.0,0.0,367200.0,2883958000.0,-4300.0,0.0,0.0,4300.0,-33968000.0,0.0,0.0,33968000.0
07/10/2021,7880.0,7900.0,-20.0,-0.0025316456,8000.0,8000.0,7770.0,301400.0,2364200000.0,0.0,0.0,301400.0,2364200000.0,-1700.0,0.0,0.0,1700.0,-13387000.0,0.0,0.0,13387000.0
06/10/2021,7900.0,7640.0,260.0,0.0340314136,7600.0,8000.0,7600.0,312200.0,2432564000.0,0.0,0.0,312200.0,2432564000.0,4000.0,-100.0,-100.0,-3900.0,31431000.0,-780000.0,-780000.0,-30651000.0
05/10/2021,7640.0,7600.0,40.0,0.0052631579,7500.0,7700.0,7500.0,254100.0,1932387000.0,0.0,0.0,254100.0,1932387000.0,5000.0,0.0,0.0,-5000.0,38088000.0,0.0,0.0,-38088000.0
04/10/2021,7600.0,7550.0,50.0,0.0066225166,7550.0,7700.0,7350.0,210200.0,1574708000.0,0.0,0.0,210200.0,1574708000.0,700.0,0.0,0.0,-700.0,3997000.0,0.0,0.0,-3997000.0
01/10/2021,7550.0,7700.0,-150.0,-0.0194805195,7800.0,7800.0,7460.0,201500.0,1528935000.0,0.0,0.0,201500.0,1528935000.0,-500.0,0.0,0.0,500.0,-3619000.0,0.0,0.0,3619000.0
30/09/2021,7700.0,7700.0,0.0,0.0,8000.0,8000.0,7650.0,156900.0,1214573000.0,0.0,0.0,156900.0,1214573000.0,17200.0,-300.0,-300.0,-16900.0,133600000.0,-2341000.0,-2341000.0,-131259000.0
29/09/2021,7700.0,7600.0,100.0,0.0131578947,7610.0,7900.0,7610.0,172100.0,1320241000.0,0.0,0.0,172100.0,1320241000.0,10500.0,0.0,0.0,-10500.0,80685000.0,0.0,0.0,-80685000.0
28/09/2021,7600.0,7560.0,40.0,0.0052910053,7350.0,7850.0,7040.0,690600.0,5056318000.0,0.0,0.0,690600.0,5056318000.0,-68700.0,0.0,0.0,68700.0,-515838000.0,0.0,0.0,515838000.0
27/09/2021,7560.0,8120.0,-560.0,-0.0689655172,8100.0,8200.0,7560.0,752500.0,5883524000.0,0.0,0.0,752500.0,5883524000.0,-6500.0,0.0,0.0,6500.0,-52435000.0,0.0,0.0,52435000.0
24/09/2021,8120.0,8280.0,-160.0,-0.0193236715,8300.0,8310.0,8050.0,309300.0,2534042000.0,0.0,0.0,309300.0,2534042000.0,1700.0,0.0,0.0,-1700.0,15377000.0,0.0,0.0,-15377000.0
23/09/2021,8280.0,8700.0,-420.0,-0.0482758621,8700.0,8740.0,8200.0,467100.0,3978865000.0,0.0,0.0,467100.0,3978865000.0,-4200.0,0.0,0.0,4200.0,-37867000.0,0.0,0.0,37867000.0
22/09/2021,8700.0,8320.0,380.0,0.0456730769,8240.0,8890.0,8240.0,641500.0,5535807000.0,0.0,0.0,641500.0,5535807000.0,63000.0,-58000.0,0.0,-5000.0,543580000.0,-499554000.0,0.0,-44026000.0
21/09/2021,8320.0,8630.0,-310.0,-0.0359212051,8260.0,8480.0,8200.0,726500.0,6019276000.0,0.0,0.0,726500.0,6019276000.0,8300.0,0.0,0.0,-8300.0,67002000.0,0.0,0.0,-67002000.0
20/09/2021,8630.0,8850.0,-220.0,-0.0248587571,9100.0,9100.0,8600.0,782900.0,6852177000.0,0.0,0.0,782900.0,6852177000.0,-10900.0,-8100.0,0.0,19000.0,-97127000.0,-70470000.0,0.0,167597000.0
17/09/2021,8850.0,8920.0,-70.0,-0.0078475336,8920.0,9200.0,8600.0,607700.0,5366022000.0,0.0,0.0,607700.0,5366022000.0,-22700.0,0.0,0.0,22700.0,-198182000.0,0.0,0.0,198182000.0
16/09/2021,8920.0,8950.0,-30.0,-0.0033519553,9000.0,9250.0,8810.0,557400.0,5016142000.0,0.0,0.0,557400.0,5016142000.0,6100.0,0.0,0.0,-6100.0,55566000.0,0.0,0.0,-55566000.0
15/09/2021,8950.0,8370.0,580.0,0.0692951016,8300.0,8950.0,8010.0,1163600.0,10157587000.0,0.0,0.0,1163600.0,10157587000.0,-15600.0,0.0,0.0,15600.0,-127251000.0,0.0,0.0,127251000.0
14/09/2021,8370.0,8800.0,-430.0,-0.0488636364,8200.0,8690.0,8200.0,824700.0,6926408000.0,0.0,0.0,824700.0,6926408000.0,35800.0,-50000.0,0.0,14200.0,298751000.0,-418500000.0,0.0,119749000.0
13/09/2021,8800.0,8750.0,50.0,0.0057142857,8900.0,9300.0,8760.0,1212300.0,10875487000.0,0.0,0.0,1212300.0,10875487000.0,108700.0,-88500.0,0.0,-20200.0,981115000.0,-799760000.0,0.0,-181355000.0
10/09/2021,8750.0,8340.0,410.0,0.0492,8700.0,8900.0,8500.0,1346000.0,11752498000.0,0.0,0.0,1346000.0,11752498000.0,60900.0,-40000.0,0.0,-20900.0,527670000.0,-346048000.0,0.0,-181622000.0
09/09/2021,8340.0,7800.0,540.0,0.0692307692,7900.0,8340.0,7800.0,1820300.0,15039818000.0,0.0,0.0,1820300.0,15039818000.0,-44700.0,50000.0,0.0,-5300.0,-370855000.0,417000000.0,0.0,-46145000.0
08/09/2021,7800.0,7940.0,-140.0,-0.0176322418,7900.0,7900.0,7660.0,183900.0,1431458000.0,0.0,0.0,183900.0,1431458000.0,5000.0,0.0,0.0,-5000.0,38892000.0,0.0,0.0,-38892000.0
07/09/2021,7940.0,8040.0,-100.0,-0.0124378109,8400.0,8490.0,7800.0,467400.0,3809582000.0,0.0,0.0,467400.0,3809582000.0,29100.0,0.0,0.0,-29100.0,235330000.0,0.0,0.0,-235330000.0
06/09/2021,8040.0,7520.0,520.0,0.0691489362,7600.0,8040.0,7490.0,799100.0,6284740000.0,0.0,0.0,799100.0,6284740000.0,-15100.0,0.0,0.0,15100.0,-117424000.0,0.0,0.0,117424000.0
01/09/2021,7520.0,7500.0,20.0,0.0026666667,7500.0,7600.0,7490.0,212300.0,1594555000.0,0.0,0.0,212300.0,1594555000.0,1000.0,0.0,0.0,-1000.0,7417000.0,0.0,0.0,-7417000.0
31/08/2021,7500.0,7630.0,-130.0,-0.0170380079,7640.0,7780.0,7500.0,196400.0,1490177000.0,0.0,0.0,196400.0,1490177000.0,6500.0,0.0,0.0,-6500.0,49390000.0,0.0,0.0,-49390000.0
30/08/2021,7630.0,7350.0,280.0,0.0380952381,7350.0,7800.0,7330.0,381500.0,2881384000.0,40200.0,295470000.0,421700.0,3176854000.0,-12000.0,0.0,0.0,12000.0,-89338000.0,0.0,0.0,89338000.0
27/08/2021,7350.0,7330.0,20.0,0.002728513,7400.0,7400.0,7230.0,222400.0,1623066000.0,0.0,0.0,222400.0,1623066000.0,3100.0,0.0,0.0,-3100.0,22750000.0,0.0,0.0,-22750000.0
26/08/2021,7330.0,7290.0,40.0,0.0054869684,7400.0,7470.0,7300.0,318800.0,2354376000.0,0.0,0.0,318800.0,2354376000.0,91400.0,0.0,0.0,-91400.0,671745000.0,0.0,0.0,-671745000.0
25/08/2021,7290.0,7300.0,-10.0,-0.001369863,7310.0,7390.0,7160.0,151700.0,1099895000.0,0.0,0.0,151700.0,1099895000.0,11900.0,0.0,0.0,-11900.0,86348000.0,0.0,0.0,-86348000.0
24/08/2021,7300.0,7390.0,-90.0,-0.0121786198,7380.0,7440.0,7240.0,219500.0,1601369000.0,0.0,0.0,219500.0,1601369000.0,5900.0,0.0,0.0,-5900.0,42998000.0,0.0,0.0,-42998000.0
23/08/2021,7390.0,7550.0,-160.0,-0.021192053,7550.0,7560.0,7350.0,311400.0,2310986000.0,0.0,0.0,311400.0,2310986000.0,-14400.0,0.0,0.0,14400.0,-106581000.0,0.0,0.0,106581000.0
20/08/2021,7550.0,7750.0,-200.0,-0.0258064516,7760.0,7800.0,7500.0,509900.0,3892734000.0,0.0,0.0,509900.0,3892734000.0,4900.0,0.0,0.0,-4900.0,37367000.0,0.0,0.0,-37367000.0
19/08/2021,7750.0,7890.0,-140.0,-0.0177439797,7800.0,7890.0,7520.0,339500.0,2629054000.0,0.0,0.0,339500.0,2629054000.0,-24300.0,13400.0,0.0,10900.0,-184980000.0,100768000.0,0.0,84212000.0
18/08/2021,7890.0,8020.0,-130.0,-0.0162094763,8030.0,8030.0,7500.0,287500.0,2273764000.0,0.0,0.0,287500.0,2273764000.0,-400.0,0.0,0.0,400.0,-2954000.0,0.0,0.0,2954000.0
17/08/2021,8020.0,8030.0,-10.0,-0.00124533,8050.0,8100.0,7980.0,326900.0,2622428000.0,0.0,0.0,326900.0,2622428000.0,1100.0,0.0,0.0,-1100.0,8701000.0,0.0,0.0,-8701000.0
16/08/2021,8030.0,7950.0,80.0,0.0100628931,7950.0,8200.0,7950.0,553400.0,4463408000.0,0.0,0.0,553400.0,4463408000.0,-12500.0,0.0,0.0,12500.0,-100955000.0,0.0,0.0,100955000.0
13/08/2021,7950.0,7900.0,50.0,0.0063291139,7900.0,7950.0,7800.0,371500.0,2920030000.0,0.0,0.0,371500.0,2920030000.0,1100.0,10000.0,0.0,-11100.0,7666000.0,79500000.0,0.0,-87166000.0
12/08/2021,7900.0,7950.0,-50.0,-0.0062893082,7950.0,7990.0,7850.0,310600.0,2458792000.0,0.0,0.0,310600.0,2458792000.0,6100.0,0.0,0.0,-6100.0,48371000.0,0.0,0.0,-48371000.0
11/08/2021,7950.0,7900.0,50.0,0.0063291139,7800.0,8300.0,7650.0,557600.0,4363082000.0,0.0,0.0,557600.0,4363082000.0,63800.0,-65000.0,0.0,1200.0,499357000.0,-507053000.0,0.0,7696000.0
10/08/2021,7900.0,8250.0,-350.0,-0.0424242424,8250.0,8250.0,7750.0,820500.0,6511644000.0,0.0,0.0,820500.0,6511644000.0,13700.0,-3900.0,0.0,-9800.0,108898000.0,-31410000.0,0.0,-77488000.0
09/08/2021,8250.0,8390.0,-140.0,-0.0166865316,8490.0,8490.0,8210.0,285400.0,2371117000.0,0.0,0.0,285400.0,2371117000.0,9000.0,0.0,0.0,-9000.0,74809000.0,0.0,0.0,-74809000.0
06/08/2021,8390.0,8020.0,370.0,0.0461346633,8580.0,8580.0,8200.0,997300.0,8477536000.0,0.0,0.0,997300.0,8477536000.0,21100.0,0.0,0.0,-21100.0,178025000.0,0.0,0.0,-178025000.0
05/08/2021,8020.0,7500.0,520.0,0.0693333333,7600.0,8020.0,7490.0,554900.0,4348301000.0,0.0,0.0,554900.0,4348301000.0,-33100.0,29100.0,0.0,4000.0,-251986000.0,221550000.0,0.0,30436000.0
04/08/2021,7500.0,7610.0,-110.0,-0.0144546649,7600.0,7620.0,7490.0,271100.0,2042218000.0,0.0,0.0,271100.0,2042218000.0,400.0,0.0,0.0,-400.0,3036000.0,0.0,0.0,-3036000.0
03/08/2021,7610.0,7610.0,0.0,0.0,7300.0,7610.0,7300.0,235500.0,1768453000.0,0.0,0.0,235500.0,1768453000.0,-25500.0,30000.0,0.0,-4500.0,-194623000.0,228300000.0,0.0,-33677000.0
02/08/2021,7610.0,7510.0,100.0,0.0133155792,7400.0,7700.0,7400.0,268000.0,2036511000.0,0.0,0.0,268000.0,2036511000.0,-18600.0,15000.0,0.0,3600.0,-140607000.0,113266000.0,0.0,27341000.0
30/07/2021,7510.0,7560.0,-50.0,-0.0066137566,7560.0,7580.0,7450.0,289900.0,2181498000.0,0.0,0.0,289900.0,2181498000.0,-2300.0,0.0,0.0,2300.0,-17321000.0,0.0,0.0,17321000.0
29/07/2021,7560.0,7600.0,-40.0,-0.0052631579,7600.0,7640.0,7420.0,203400.0,1527410000.0,0.0,0.0,203400.0,1527410000.0,-7200.0,0.0,0.0,7200.0,-54069000.0,0.0,0.0,54069000.0
28/07/2021,7600.0,7630.0,-30.0,-0.003931848,7630.0,7630.0,7500.0,129000.0,970606000.0,0.0,0.0,129000.0,970606000.0,-12500.0,10000.0,0.0,2500.0,-94775000.0,76000000.0,0.0,18775000.0
27/07/2021,7630.0,7590.0,40.0,0.0052700922,7600.0,7700.0,7600.0,197600.0,1509820000.0,0.0,0.0,197600.0,1509820000.0,-13200.0,0.0,0.0,13200.0,-100613000.0,0.0,0.0,100613000.0
26/07/2021,7590.0,7790.0,-200.0,-0.0256739409,7770.0,7770.0,7410.0,171700.0,1290484000.0,0.0,0.0,171700.0,1290484000.0,3000.0,0.0,0.0,-3000.0,22475000.0,0.0,0.0,-22475000.0
23/07/2021,7790.0,7890.0,-100.0,-0.0126742712,7890.0,7890.0,7500.0,249300.0,1905432000.0,0.0,0.0,249300.0,1905432000.0,6700.0,0.0,0.0,-6700.0,51082000.0,0.0,0.0,-51082000.0
22/07/2021,7890.0,7500.0,390.0,0.052,7600.0,7900.0,7000.0,301800.0,2304539000.0,0.0,0.0,301800.0,2304539000.0,-63600.0,21500.0,0.0,42100.0,-493948000.0,163400000.0,0.0,330548000.0
21/07/2021,7500.0,7370.0,130.0,0.0176390773,7530.0,7800.0,7370.0,191800.0,1437981000.0,0.0,0.0,191800.0,1437981000.0,8900.0,16000.0,0.0,-24900.0,66700000.0,120000000.0,0.0,-186700000.0
20/07/2021,7370.0,6890.0,480.0,0.0696661829,6890.0,7370.0,6890.0,314500.0,2279292000.0,0.0,0.0,314500.0,2279292000.0,-68300.0,80000.0,0.0,-11700.0,-509024000.0,589600000.0,0.0,-80576000.0
19/07/2021,6890.0,7290.0,-400.0,-0.0548696845,7270.0,7270.0,6850.0,422600.0,2952614000.0,0.0,0.0,422600.0,2952614000.0,11300.0,0.0,0.0,-11300.0,80615000.0,0.0,0.0,-80615000.0
16/07/2021,7290.0,7450.0,-160.0,-0.0214765101,7590.0,7590.0,7200.0,159900.0,1165336000.0,0.0,0.0,159900.0,1165336000.0,2900.0,0.0,0.0,-2900.0,21289000.0,0.0,0.0,-21289000.0
15/07/2021,7450.0,7440.0,10.0,0.001344086,7490.0,7490.0,7000.0,250200.0,1818124000.0,0.0,0.0,250200.0,1818124000.0,-12100.0,20000.0,0.0,-7900.0,-85105000.0,143200000.0,0.0,-58095000.0
14/07/2021,7440.0,7330.0,110.0,0.01500682,7250.0,7450.0,7250.0,204400.0,1499797000.0,0.0,0.0,204400.0,1499797000.0,-13400.0,8500.0,0.0,4900.0,-98649000.0,62900000.0,0.0,35749000.0
13/07/2021,7330.0,7310.0,20.0,0.00273598,7320.0,7450.0,7100.0,286800.0,2077140000.0,0.0,0.0,286800.0,2077140000.0,-22200.0,9900.0,-100.0,12300.0,-160413000.0,71284000.0,-716000.0,89129000.0
12/07/2021,7310.0,7850.0,-540.0,-0.0687898089,7500.0,8150.0,7310.0,680500.0,5050401000.0,0.0,0.0,680500.0,5050401000.0,-20300.0,0.0,0.0,20300.0,-151412000.0,0.0,0.0,151412000.0
09/07/2021,7850.0,8430.0,-580.0,-0.068801898,8430.0,8430.0,7850.0,564000.0,4567313000.0,0.0,0.0,564000.0,4567313000.0,62500.0,-60000.0,0.0,-2500.0,496576000.0,-475520000.0,0.0,-21056000.0
08/07/2021,8430.0,8430.0,0.0,0.0,8430.0,8700.0,8400.0,202600.0,1730602000.0,0.0,0.0,202600.0,1730602000.0,28700.0,0.0,0.0,-28700.0,243308000.0,0.0,0.0,-243308000.0
07/07/2021,8430.0,8160.0,270.0,0.0330882353,8170.0,8590.0,8110.0,446400.0,3707805000.0,0.0,0.0,446400.0,3707805000.0,-19900.0,0.0,0.0,19900.0,-165591000.0,0.0,0.0,165591000.0
06/07/2021,8160.0,8770.0,-610.0,-0.0695553022,8770.0,9000.0,8160.0,364400.0,3194618000.0,0.0,0.0,364400.0,3194618000.0,12000.0,0.0,0.0,-12000.0,105273000.0,0.0,0.0,-105273000.0
05/07/2021,8770.0,9140.0,-370.0,-0.0405,9140.0,9140.0,8700.0,688600.0,6121346000.0,0.0,0.0,688600.0,6121346000.0,-15800.0,30000.0,0.0,-14200.0,-143604000.0,269869000.0,0.0,-126265000.0
02/07/2021,9140.0,9180.0,-40.0,-0.0043572985,9200.0,9300.0,9100.0,363900.0,3344819000.0,0.0,0.0,363900.0,3344819000.0,13900.0,0.0,0.0,-13900.0,127630000.0,0.0,0.0,-127630000.0
01/07/2021,9180.0,9180.0,0.0,0.0,9180.0,9410.0,9150.0,258800.0,2393534000.0,0.0,0.0,258800.0,2393534000.0,-6600.0,0.0,0.0,6600.0,-62984000.0,0.0,0.0,62984000.0
30/06/2021,9180.0,9220.0,-40.0,-0.0043,9220.0,9250.0,9140.0,308700.0,2834492000.0,0.0,0.0,308700.0,2834492000.0,-5200.0,0.0,0.0,5200.0,-47912000.0,0.0,0.0,47912000.0
29/06/2021,9220.0,9170.0,50.0,0.0055,9100.0,9360.0,9070.0,524000.0,4836034000.0,0.0,0.0,524000.0,4836034000.0,16400.0,-50900.0,0.0,34500.0,150077000.0,-469224000.0,0.0,319147000.0
28/06/2021,9170.0,9200.0,-30.0,-0.0032608696,9200.0,9300.0,9150.0,540900.0,4971769000.0,0.0,0.0,540900.0,4971769000.0,83300.0,-104100.0,0.0,20800.0,762452000.0,-954267000.0,0.0,191815000.0
25/06/2021,9200.0,9360.0,-160.0,-0.0170940171,9350.0,9350.0,9110.0,548300.0,5071097000.0,0.0,0.0,548300.0,5071097000.0,-9300.0,0.0,0.0,9300.0,-85684000.0,0.0,0.0,85684000.0
24/06/2021,9360.0,9380.0,-20.0,-0.0021321962,9410.0,9600.0,9150.0,817100.0,7731871000.0,0.0,0.0,817100.0,7731871000.0,22200.0,-20000.0,0.0,-2200.0,212226000.0,-190480000.0,0.0,-21746000.0
23/06/2021,9380.0,8960.0,420.0,0.046875,9490.0,9550.0,9000.0,1150200.0,10792278000.0,0.0,0.0,1150200.0,10792278000.0,21400.0,5000.0,0.0,-26400.0,199275000.0,46990000.0,0.0,-246265000.0
22/06/2021,8960.0,8380.0,580.0,0.0692124105,8500.0,8960.0,8500.0,1084500.0,9532089000.0,0.0,0.0,1084500.0,9532089000.0,-11600.0,0.0,0.0,11600.0,-103020000.0,0.0,0.0,103020000.0
21/06/2021,8380.0,8320.0,60.0,0.0072115385,8320.0,8410.0,8240.0,613800.0,5087722000.0,0.0,0.0,613800.0,5087722000.0,-4400.0,0.0,0.0,4400.0,-37308000.0,0.0,0.0,37308000.0
18/06/2021,8320.0,8260.0,60.0,0.0072639225,8260.0,8400.0,8260.0,314700.0,2616724000.0,0.0,0.0,314700.0,2616724000.0,-1700.0,-4300.0,-300.0,6000.0,-14189000.0,-35768000.0,-2478000.0,49957000.0
17/06/2021,8260.0,8250.0,10.0,0.0012121212,8200.0,8530.0,8200.0,444200.0,3721949000.0,0.0,0.0,444200.0,3721949000.0,-45700.0,0.0,0.0,45700.0,-381935000.0,0.0,0.0,381935000.0
16/06/2021,8250.0,8390.0,-140.0,-0.0166865316,8200.0,8350.0,8160.0,788400.0,6496778000.0,0.0,0.0,788400.0,6496778000.0,-13000.0,0.0,0.0,13000.0,-107111000.0,0.0,0.0,107111000.0
15/06/2021,8390.0,8350.0,40.0,0.0047904192,8300.0,8500.0,8200.0,401700.0,3349987000.0,0.0,0.0,401700.0,3349987000.0,8300.0,0.0,0.0,-8300.0,69379000.0,0.0,0.0,-69379000.0
14/06/2021,8350.0,8530.0,-180.0,-0.021101993,8530.0,8800.0,8200.0,866700.0,7346824000.0,0.0,0.0,866700.0,7346824000.0,31100.0,0.0,0.0,-31100.0,263175000.0,0.0,0.0,-263175000.0
11/06/2021,8530.0,8010.0,520.0,0.0649188514,8570.0,8570.0,8390.0,1345700.0,11468606000.0,0.0,0.0,1345700.0,11468606000.0,49200.0,-30000.0,0.0,-19200.0,417737000.0,-254026000.0,0.0,-163711000.0
10/06/2021,8010.0,7490.0,520.0,0.0694259012,7450.0,8010.0,7450.0,1621700.0,12870177000.0,0.0,0.0,1621700.0,12870177000.0,-187600.0,132500.0,0.0,55100.0,-1489245000.0,1059815000.0,0.0,429430000.0
09/06/2021,7490.0,7500.0,-10.0,-0.0013333333,7480.0,7520.0,7400.0,586700.0,4377443000.0,0.0,0.0,586700.0,4377443000.0,-26600.0,0.0,0.0,26600.0,-198467000.0,0.0,0.0,198467000.0
08/06/2021,7500.0,7590.0,-90.0,-0.0118577075,7410.0,7590.0,7300.0,1390100.0,10367113000.0,0.0,0.0,1390100.0,10367113000.0,84100.0,0.0,0.0,-84100.0,627908000.0,0.0,0.0,-627908000.0
07/06/2021,7590.0,7600.0,-10.0,-0.0013157895,7700.0,7700.0,7400.0,1003500.0,7514090000.0,0.0,0.0,1003500.0,7514090000.0,1100.0,0.0,0.0,-1100.0,8205000.0,0.0,0.0,-8205000.0
04/06/2021,7600.0,7670.0,-70.0,-0.0091264668,7500.0,7600.0,7140.0,2627000.0,19238925000.0,0.0,0.0,2627000.0,19238925000.0,-36000.0,0.0,0.0,36000.0,-250401000.0,-15656000.0,0.0,266057000.0
03/06/2021,7670.0,7490.0,180.0,0.0240320427,7250.0,7800.0,7250.0,1005000.0,7578822000.0,0.0,0.0,1005000.0,7578822000.0,-105700.0,0.0,0.0,105700.0,-789990000.0,0.0,0.0,789990000.0
02/06/2021,7490.0,7020.0,470.0,0.066951567,6800.0,7490.0,6800.0,1001600.0,7127107000.0,0.0,0.0,1001600.0,7127107000.0,-30900.0,-200.0,-200.0,31100.0,-219409000.0,-1428000.0,-1428000.0,220837000.0
01/06/2021,7020.0,7300.0,-280.0,-0.0383561644,7300.0,7300.0,6990.0,617400.0,4345982000.0,0.0,0.0,617400.0,4345982000.0,-21000.0,-2600.0,-100.0,23600.0,-148697000.0,-18460000.0,-710000.0,167157000.0
31/05/2021,7300.0,6860.0,440.0,0.0641399417,7300.0,7310.0,6800.0,1997300.0,14242892000.0,0.0,0.0,1997300.0,14242892000.0,48700.0,-50000.0,0.0,1300.0,355523000.0,-365000000.0,0.0,9477000.0
28/05/2021,6860.0,6420.0,440.0,0.0685358255,6860.0,6860.0,6800.0,2490800.0,17080363000.0,0.0,0.0,2490800.0,17080363000.0,-29000.0,0.0,0.0,29000.0,-198940000.0,0.0,0.0,198940000.0
27/05/2021,6420.0,6000.0,420.0,0.07,6380.0,6420.0,6110.0,860200.0,5460995000.0,0.0,0.0,860200.0,5460995000.0,-122600.0,100000.0,0.0,22600.0,-781037000.0,641956000.0,0.0,139081000.0
26/05/2021,6000.0,5610.0,390.0,0.0695187166,5390.0,6000.0,5390.0,1254800.0,7136399000.0,0.0,0.0,1254800.0,7136399000.0,112000.0,0.0,0.0,-112000.0,603900000.0,0.0,0.0,-603900000.0
25/05/2021,5610.0,6000.0,-390.0,-0.065,5840.0,5990.0,5610.0,1196800.0,6856929000.0,0.0,0.0,1196800.0,6856929000.0,0.0,0.0,0.0,0.0,0.0,0.0,0.0,0.0
24/05/2021,6000.0,6130.0,-130.0,-0.0212071778,6550.0,6550.0,5710.0,4633500.0,29211134000.0,0.0,0.0,4633500.0,29211134000.0,552200.0,-446000.0,0.0,-106200.0,3551083000.0,-2922820000.0,0.0,-628263000.0
21/05/2021,6130.0,5730.0,400.0,0.0698080279,6130.0,6130.0,6130.0,1083700.0,6643081000.0,0.0,0.0,1083700.0,6643081000.0,-18600.0,0.0,0.0,18600.0,-114018000.0,0.0,0.0,114018000.0
20/05/2021,5730.0,5360.0,370.0,0.0690298507,5730.0,5730.0,5730.0,905200.0,5186796000.0,0.0,0.0,905200.0,5186796000.0,42300.0,0.0,0.0,-42300.0,242379000.0,0.0,0.0,-242379000.0
19/05/2021,5360.0,5010.0,350.0,0.0698602794,5360.0,5360.0,5020.0,2917500.0,15614302000.0,0.0,0.0,2917500.0,15614302000.0,-606800.0,500000.0,0.0,106800.0,-3252284000.0,2679836000.0,0.0,572448000.0
18/05/2021,5010.0,4690.0,320.0,0.0682302772,5010.0,5010.0,5010.0,751600.0,3765516000.0,0.0,0.0,751600.0,3765516000.0,12000.0,0.0,0.0,-12000.0,60120000.0,0.0,0.0,-60120000.0
17/05/2021,4690.0,4390.0,300.0,0.0683371298,4690.0,4690.0,4690.0,707900.0,3320051000.0,0.0,0.0,707900.0,3320051000.0,0.0,0.0,0.0,0.0,0.0,0.0,0.0,0.0
14/05/2021,4390.0,4110.0,280.0,0.0681265207,4390.0,4390.0,4390.0,721300.0,3166507000.0,0.0,0.0,721300.0,3166507000.0,0.0,0.0,0.0,0.0,0.0,0.0,0.0,0.0
13/05/2021,4110.0,3850.0,260.0,0.0675324675,4110.0,4110.0,4100.0,1294200.0,5318685000.0,0.0,0.0,1294200.0,5318685000.0,0.0,0.0,0.0,0.0,0.0,0.0,0.0,0.0
12/05/2021,3850.0,3750.0,100.0,0.0266666667,3750.0,3850.0,3700.0,287300.0,1083388000.0,0.0,0.0,287300.0,1083388000.0,500.0,0.0,0.0,-500.0,1860000.0,0.0,0.0,-1860000.0
11/05/2021,3750.0,3610.0,140.0,0.0387811634,3520.0,3780.0,3520.0,156800.0,577340000.0,0.0,0.0,156800.0,577340000.0,-100.0,0.0,0.0,100.0,-369000.0,0.0,0.0,369000.0
10/05/2021,3610.0,3630.0,-20.0,-0.0055096419,3580.0,3680.0,3400.0,323100.0,1148703000.0,0.0,0.0,323100.0,1148703000.0,600.0,-100.0,-100.0,-500.0,2165000.0,-350000.0,-350000.0,-1815000.0
07/05/2021,3630.0,3720.0,-90.0,-0.0241935484,3720.0,3740.0,3630.0,363200.0,1338731000.0,0.0,0.0,363200.0,1338731000.0,0.0,0.0,0.0,0.0,0.0,0.0,0.0,0.0
06/05/2021,3720.0,3800.0,-80.0,-0.0210526316,3800.0,3840.0,3720.0,229600.0,864097000.0,0.0,0.0,229600.0,864097000.0,0.0,0.0,0.0,0.0,0.0,0.0,0.0,0.0
05/05/2021,3800.0,3760.0,40.0,0.0106382979,3760.0,3820.0,3760.0,287500.0,1090338000.0,0.0,0.0,287500.0,1090338000.0,-300.0,0.0,0.0,300.0,-1128000.0,0.0,0.0,1128000.0
04/05/2021,3760.0,3980.0,-220.0,-0.0552763819,3720.0,3900.0,3720.0,250800.0,944968000.0,0.0,0.0,250800.0,944968000.0,-100.0,0.0,0.0,100.0,-378000.0,0.0,0.0,378000.0
29/04/2021,3980.0,3730.0,250.0,0.0670241287,3810.0,3990.0,3810.0,507400.0,2008659000.0,0.0,0.0,507400.0,2008659000.0,2800.0,-3800.0,0.0,1000.0,11314000.0,-15124000.0,0.0,3810000.0
28/04/2021,3730.0,3490.0,240.0,0.0687679083,3450.0,3730.0,3450.0,450600.0,1672570000.0,0.0,0.0,450600.0,1672570000.0,0.0,0.0,0.0,0.0,0.0,0.0,0.0,0.0
27/04/2021,3490.0,3610.0,-120.0,-0.0332409972,3610.0,3700.0,3460.0,274300.0,971271000.0,0.0,0.0,274300.0,971271000.0,200.0,-200.0,-200.0,0.0,702000.0,-702000.0,-702000.0,0.0
26/04/2021,3610.0,3840.0,-230.0,-0.0598958333,3840.0,3850.0,3610.0,255300.0,947563000.0,0.0,0.0,255300.0,947563000.0,0.0,0.0,0.0,0.0,0.0,0.0,0.0,0.0
23/04/2021,3840.0,3900.0,-60.0,-0.0153846154,3650.0,3890.0,3630.0,518400.0,1927230000.0,0.0,0.0,518400.0,1927230000.0,0.0,0.0,0.0,0.0,0.0,0.0,0.0,0.0
22/04/2021,3900.0,3900.0,0.0,0.0,3800.0,4000.0,3710.0,573900.0,2208098000.0,0.0,0.0,573900.0,2208098000.0,1200.0,3800.0,0.0,-5000.0,3764000.0,15086000.0,0.0,-18850000.0
20/04/2021,3900.0,4190.0,-290.0,-0.0692124105,3950.0,4180.0,3900.0,1316800.0,5185964000.0,0.0,0.0,1316800.0,5185964000.0,0.0,0.0,0.0,0.0,0.0,0.0,0.0,0.0
19/04/2021,4190.0,4500.0,-310.0,-0.0688888889,4530.0,4530.0,4190.0,1133400.0,4773519000.0,0.0,0.0,1133400.0,4773519000.0,3000.0,0.0,0.0,-3000.0,12600000.0,0.0,0.0,-12600000.0
16/04/2021,4500.0,4600.0,-100.0,-0.0217391304,4700.0,4800.0,4400.0,1056300.0,4885686000.0,0.0,0.0,1056300.0,4885686000.0,-18600.0,-100.0,-100.0,18700.0,-86579000.0,-452000.0,-452000.0,87031000.0
15/04/2021,4600.0,4300.0,300.0,0.0697674419,4300.0,4600.0,4300.0,1511600.0,6776972000.0,0.0,0.0,1511600.0,6776972000.0,-9100.0,-100.0,-100.0,9200.0,-39281000.0,-457000.0,-457000.0,39738000.0
14/04/2021,4300.0,4060.0,240.0,0.0591133005,4050.0,4320.0,3950.0,915900.0,3749397000.0,0.0,0.0,915900.0,3749397000.0,0.0,0.0,0.0,0.0,0.0,0.0,0.0,0.0
13/04/2021,4060.0,4160.0,-100.0,-0.0240384615,4390.0,4390.0,4060.0,1365500.0,5728134000.0,0.0,0.0,1365500.0,5728134000.0,4900.0,0.0,0.0,-4900.0,20340000.0,0.0,0.0,-20340000.0
12/04/2021,4160.0,3890.0,270.0,0.0694087404,3890.0,4160.0,3890.0,861200.0,3500286000.0,0.0,0.0,861200.0,3500286000.0,-1000.0,0.0,0.0,1000.0,-3820000.0,0.0,0.0,3820000.0
09/04/2021,3890.0,3950.0,-60.0,-0.0151898734,3850.0,3950.0,3800.0,650700.0,2523188000.0,0.0,0.0,650700.0,2523188000.0,4000.0,0.0,0.0,-4000.0,15760000.0,0.0,0.0,-15760000.0
08/04/2021,3950.0,3850.0,100.0,0.025974026,3940.0,3980.0,3840.0,1054800.0,4151831000.0,0.0,0.0,1054800.0,4151831000.0,-8000.0,0.0,0.0,8000.0,-31454000.0,0.0,0.0,31454000.0
07/04/2021,3850.0,3600.0,250.0,0.0694444444,3700.0,3850.0,3650.0,1029000.0,3895597000.0,0.0,0.0,1029000.0,3895597000.0,400.0,0.0,0.0,-400.0,1480000.0,0.0,0.0,-1480000.0
06/04/2021,3600.0,3540.0,60.0,0.0169491525,3540.0,3700.0,3490.0,659400.0,2376591000.0,0.0,0.0,659400.0,2376591000.0,0.0,0.0,0.0,0.0,0.0,0.0,0.0,0.0
05/04/2021,3540.0,3470.0,70.0,0.0201729107,3420.0,3560.0,3410.0,459900.0,1595390000.0,0.0,0.0,459900.0,1595390000.0,0.0,0.0,0.0,0.0,0.0,0.0,0.0,0.0
02/04/2021,3470.0,3530.0,-60.0,-0.0169971671,3580.0,3580.0,3400.0,479500.0,1665658000.0,0.0,0.0,479500.0,1665658000.0,0.0,0.0,0.0,0.0,0.0,0.0,0.0,0.0
01/04/2021,3530.0,3390.0,140.0,0.0412979351,3330.0,3600.0,3330.0,441200.0,1519553000.0,0.0,0.0,441200.0,1519553000.0,0.0,0.0,0.0,0.0,0.0,0.0,0.0,0.0
31/03/2021,3390.0,3600.0,-210.0,-0.0583333333,3500.0,3550.0,3360.0,575100.0,2003660000.0,0.0,0.0,575100.0,2003660000.0,46000.0,-6000.0,0.0,-40000.0,161008000.0,-20556000.0,0.0,-140452000.0
30/03/2021,3600.0,3680.0,-80.0,-0.0217391304,3510.0,3630.0,3450.0,759200.0,2665189000.0,0.0,0.0,759200.0,2665189000.0,4000.0,0.0,0.0,-4000.0,14040000.0,0.0,0.0,-14040000.0
29/03/2021,3680.0,3680.0,0.0,0.0,3650.0,3690.0,3430.0,1202200.0,4222852000.0,0.0,0.0,1202200.0,4222852000.0,-48000.0,0.0,0.0,48000.0,-172833000.0,0.0,0.0,172833000.0
26/03/2021,3680.0,3440.0,240.0,0.0697674419,3440.0,3680.0,3400.0,765600.0,2718363000.0,0.0,0.0,765600.0,2718363000.0,-44000.0,4000.0,0.0,40000.0,-151840000.0,14240000.0,0.0,137600000.0
25/03/2021,3440.0,3220.0,220.0,0.0683229814,3430.0,3440.0,3360.0,1148500.0,3942294000.0,0.0,0.0,1148500.0,3942294000.0,-1000.0,2000.0,0.0,-1000.0,-3450000.0,6860000.0,0.0,-3410000.0
24/03/2021,3220.0,3010.0,210.0,0.0697674419,3010.0,3220.0,2970.0,1314000.0,4196145000.0,0.0,0.0,1314000.0,4196145000.0,0.0,0.0,0.0,0.0,0.0,0.0,0.0,0.0
23/03/2021,3010.0,3010.0,0.0,0.0,3010.0,3050.0,2990.0,325000.0,982544000.0,0.0,0.0,325000.0,982544000.0,0.0,0.0,0.0,0.0,0.0,0.0,0.0,0.0
22/03/2021,3010.0,3020.0,-10.0,-0.0033112583,3020.0,3050.0,2980.0,198600.0,599149000.0,0.0,0.0,198600.0,599149000.0,0.0,0.0,0.0,0.0,0.0,0.0,0.0,0.0
19/03/2021,3020.0,3020.0,0.0,0.0,3020.0,3030.0,2960.0,76700.0,230157000.0,0.0,0.0,76700.0,230157000.0,0.0,0.0,0.0,0.0,0.0,0.0,0.0,0.0
18/03/2021,3020.0,3050.0,-30.0,-0.0098360656,3050.0,3070.0,3010.0,182700.0,556512000.0,0.0,0.0,182700.0,556512000.0,0.0,0.0,0.0,0.0,0.0,0.0,0.0,0.0
17/03/2021,3050.0,3020.0,30.0,0.0099337748,3050.0,3070.0,3010.0,201400.0,612399000.0,0.0,0.0,201400.0,612399000.0,-70000.0,0.0,0.0,70000.0,-212794000.0,0.0,0.0,212794000.0
16/03/2021,3020.0,3050.0,-30.0,-0.0098360656,3020.0,3060.0,2980.0,204400.0,616373000.0,0.0,0.0,204400.0,616373000.0,0.0,0.0,0.0,0.0,0.0,0.0,0.0,0.0
15/03/2021,3050.0,2960.0,90.0,0.0304054054,2940.0,3090.0,2900.0,469000.0,1385349000.0,0.0,0.0,469000.0,1385349000.0,0.0,0.0,0.0,0.0,0.0,0.0,0.0,0.0
12/03/2021,2960.0,3000.0,-40.0,-0.0133333333,3000.0,3000.0,2940.0,145100.0,430955000.0,0.0,0.0,145100.0,430955000.0,0.0,0.0,0.0,0.0,0.0,0.0,0.0,0.0
11/03/2021,3000.0,3000.0,0.0,0.0,3040.0,3040.0,2910.0,349200.0,1026632000.0,0.0,0.0,349200.0,1026632000.0,0.0,0.0,0.0,0.0,0.0,0.0,0.0,0.0
10/03/2021,3000.0,2970.0,30.0,0.0101010101,2970.0,3060.0,2970.0,209200.0,630168000.0,0.0,0.0,209200.0,630168000.0,100.0,-100.0,-100.0,0.0,299000.0,-299000.0,-299000.0,0.0
09/03/2021,2970.0,3000.0,-30.0,-0.01,3000.0,3010.0,2940.0,69500.0,206753000.0,0.0,0.0,69500.0,206753000.0,1000.0,0.0,0.0,-1000.0,3000000.0,0.0,0.0,-3000000.0
08/03/2021,3000.0,2930.0,70.0,0.023890785,2990.0,3010.0,2930.0,192000.0,570869000.0,0.0,0.0,192000.0,570869000.0,0.0,0.0,0.0,0.0,0.0,0.0,0.0,0.0
05/03/2021,2930.0,2920.0,10.0,0.0034246575,2910.0,2960.0,2860.0,48600.0,140718000.0,0.0,0.0,48600.0,140718000.0,0.0,0.0,0.0,0.0,0.0,0.0,0.0,0.0
04/03/2021,2920.0,3000.0,-80.0,-0.0266666667,3050.0,3050.0,2900.0,112400.0,334555000.0,0.0,0.0,112400.0,334555000.0,0.0,0.0,0.0,0.0,0.0,0.0,0.0,0.0
03/03/2021,3000.0,2920.0,80.0,0.0273972603,2920.0,3050.0,2870.0,306000.0,900662000.0,0.0,0.0,306000.0,900662000.0,6600.0,0.0,0.0,-6600.0,19800000.0,0.0,0.0,-19800000.0
02/03/2021,2920.0,2920.0,0.0,0.0,2920.0,2920.0,2890.0,67800.0,196742000.0,0.0,0.0,67800.0,196742000.0,0.0,0.0,0.0,0.0,0.0,0.0,0.0,0.0
01/03/2021,2920.0,2770.0,150.0,0.0541516245,2930.0,2930.0,2850.0,111800.0,325763000.0,0.0,0.0,111800.0,325763000.0,100.0,0.0,0.0,-100.0,287000.0,0.0,0.0,-287000.0
26/02/2021,2770.0,2750.0,20.0,0.0072727273,2750.0,2790.0,2740.0,145500.0,401255000.0,0.0,0.0,145500.0,401255000.0,0.0,0.0,0.0,0.0,0.0,0.0,0.0,0.0
25/02/2021,2750.0,2740.0,10.0,0.003649635,2780.0,2780.0,2700.0,40200.0,109814000.0,0.0,0.0,40200.0,109814000.0,0.0,0.0,0.0,0.0,0.0,0.0,0.0,0.0
24/02/2021,2740.0,2760.0,-20.0,-0.0072463768,2750.0,2780.0,2700.0,159200.0,434402000.0,0.0,0.0,159200.0,434402000.0,0.0,0.0,0.0,0.0,0.0,0.0,0.0,0.0
23/02/2021,2760.0,2710.0,50.0,0.0184501845,2700.0,2780.0,2700.0,114200.0,314069000.0,0.0,0.0,114200.0,314069000.0,0.0,0.0,0.0,0.0,0.0,0.0,0.0,0.0
22/02/2021,2710.0,2710.0,0.0,0.0,2710.0,2760.0,2700.0,38400.0,104615000.0,0.0,0.0,38400.0,104615000.0,4400.0,0.0,0.0,-4400.0,11968000.0,0.0,0.0,-11968000.0
19/02/2021,2710.0,2750.0,-40.0,-0.0145454545,2750.0,2750.0,2700.0,60800.0,165378000.0,0.0,0.0,60800.0,165378000.0,-1300.0,0.0,0.0,1300.0,-3557000.0,0.0,0.0,3557000.0
18/02/2021,2750.0,2750.0,0.0,0.0,2660.0,2780.0,2660.0,113600.0,312706000.0,0.0,0.0,113600.0,312706000.0,0.0,0.0,0.0,0.0,0.0,0.0,0.0,0.0
17/02/2021,2750.0,2680.0,70.0,0.026119403,2690.0,2750.0,2600.0,137400.0,369676000.0,0.0,0.0,137400.0,369676000.0,7000.0,0.0,0.0,-7000.0,18234000.0,0.0,0.0,-18234000.0
09/02/2021,2680.0,2620.0,60.0,0.0229,2630.0,2680.0,2550.0,76900.0,202437000.0,0.0,0.0,76900.0,202437000.0,0.0,0.0,0.0,0.0,0.0,0.0,0.0,0.0
08/02/2021,2620.0,2670.0,-50.0,-0.0187265918,2670.0,2710.0,2560.0,42400.0,110746000.0,0.0,0.0,42400.0,110746000.0,0.0,0.0,0.0,0.0,0.0,0.0,0.0,0.0
05/02/2021,2670.0,2610.0,60.0,0.0229885057,2650.0,2680.0,2570.0,117700.0,307715000.0,0.0,0.0,117700.0,307715000.0,0.0,0.0,0.0,0.0,0.0,0.0,0.0,0.0
04/02/2021,2610.0,2660.0,-50.0,-0.0187969925,2660.0,2740.0,2600.0,159200.0,423034000.0,0.0,0.0,159200.0,423034000.0,0.0,0.0,0.0,0.0,0.0,0.0,0.0,0.0
03/02/2021,2660.0,2490.0,170.0,0.0682730924,2490.0,2660.0,2490.0,197900.0,502574000.0,0.0,0.0,197900.0,502574000.0,18000.0,0.0,0.0,-18000.0,44820000.0,0.0,0.0,-44820000.0
02/02/2021,2490.0,2500.0,-10.0,-0.004,2500.0,2500.0,2370.0,123200.0,295656000.0,0.0,0.0,123200.0,295656000.0,16700.0,0.0,0.0,-16700.0,39592000.0,0.0,0.0,-39592000.0
01/02/2021,2500.0,2680.0,-180.0,-0.06716418,2520.0,2680.0,2500.0,164000.0,412186000.0,0.0,0.0,164000.0,412186000.0,0.0,0.0,0.0,0.0,0.0,0.0,0.0,0.0
29/01/2021,2680.0,2700.0,-20.0,-0.0074074074,2520.0,2720.0,2520.0,316000.0,806000000.0,0.0,0.0,316000.0,806000000.0,-500.0,0.0,0.0,500.0,-1270000.0,0.0,0.0,1270000.0
28/01/2021,2700.0,2900.0,-200.0,-0.0689655172,2710.0,2750.0,2700.0,108100.0,292046000.0,0.0,0.0,108100.0,292046000.0,0.0,0.0,0.0,0.0,0.0,0.0,0.0,0.0
27/01/2021,2900.0,3000.0,-100.0,-0.0333333333,3000.0,3000.0,2800.0,191600.0,547945000.0,0.0,0.0,191600.0,547945000.0,1600.0,0.0,0.0,-1600.0,4612000.0,0.0,0.0,-4612000.0
26/01/2021,3000.0,3000.0,0.0,0.0,3080.0,3080.0,2860.0,260600.0,777407000.0,0.0,0.0,260600.0,777407000.0,9100.0,0.0,0.0,-9100.0,26490000.0,0.0,0.0,-26490000.0
25/01/2021,3000.0,3060.0,-60.0,-0.0196078431,3030.0,3090.0,3000.0,382800.0,1162957000.0,0.0,0.0,382800.0,1162957000.0,0.0,0.0,0.0,0.0,0.0,0.0,0.0,0.0
22/01/2021,3060.0,3190.0,-130.0,-0.0407523511,3150.0,3220.0,3000.0,359700.0,1138239000.0,0.0,0.0,359700.0,1138239000.0,-400.0,-200.0,-200.0,600.0,-1272000.0,-636000.0,-636000.0,1908000.0
21/01/2021,3190.0,3040.0,150.0,0.0493421053,2970.0,3200.0,2970.0,417100.0,1301478000.0,0.0,0.0,417100.0,1301478000.0,7000.0,0.0,0.0,-7000.0,21700000.0,0.0,0.0,-21700000.0
20/01/2021,3040.0,3210.0,-170.0,-0.0529595016,3100.0,3110.0,2990.0,344600.0,1039807000.0,0.0,0.0,344600.0,1039807000.0,0.0,0.0,0.0,0.0,0.0,0.0,0.0,0.0
19/01/2021,3210.0,3450.0,-240.0,-0.0695652174,3450.0,3500.0,3210.0,355300.0,1185212000.0,0.0,0.0,355300.0,1185212000.0,0.0,0.0,0.0,0.0,0.0,0.0,0.0,0.0
18/01/2021,3450.0,3290.0,160.0,0.0486322188,3300.0,3500.0,3120.0,1100600.0,3616102000.0,0.0,0.0,1100600.0,3616102000.0,0.0,0.0,0.0,0.0,0.0,0.0,0.0,0.0
15/01/2021,3290.0,3170.0,120.0,0.0379,3200.0,3300.0,3150.0,470500.0,1510610000.0,0.0,0.0,470500.0,1510610000.0,5000.0,0.0,0.0,-5000.0,16250000.0,0.0,0.0,-16250000.0
14/01/2021,3170.0,3230.0,-60.0,-0.0186,3260.0,3260.0,3100.0,463000.0,1472972000.0,0.0,0.0,463000.0,1472972000.0,-100.0,0.0,0.0,100.0,-315000.0,0.0,0.0,315000.0
13/01/2021,3230.0,3020.0,210.0,0.0695364238,3230.0,3230.0,3120.0,1305300.0,4206775000.0,0.0,0.0,1305300.0,4206775000.0,200.0,0.0,0.0,-200.0,642000.0,0.0,0.0,-642000.0
12/01/2021,3020.0,2830.0,190.0,0.0671378092,2830.0,3020.0,2790.0,1029100.0,2996797000.0,0.0,0.0,1029100.0,2996797000.0,0.0,0.0,0.0,0.0,0.0,0.0,0.0,0.0
11/01/2021,2830.0,2880.0,-50.0,-0.0173611111,2880.0,2880.0,2780.0,331900.0,929667000.0,0.0,0.0,331900.0,929667000.0,0.0,0.0,0.0,0.0,0.0,0.0,0.0,0.0
08/01/2021,2880.0,2850.0,30.0,0.0105263158,2850.0,2880.0,2780.0,284800.0,800588000.0,0.0,0.0,284800.0,800588000.0,44900.0,0.0,0.0,-44900.0,125732000.0,0.0,0.0,-125732000.0
07/01/2021,2850.0,2930.0,-80.0,-0.0273,2930.0,2930.0,2800.0,526800.0,1505572000.0,0.0,0.0,526800.0,1505572000.0,-1400.0,0.0,0.0,1400.0,-3980000.0,0.0,0.0,3980000.0
06/01/2021,2930.0,2900.0,30.0,0.0103448276,2900.0,2940.0,2850.0,165200.0,478297000.0,0.0,0.0,165200.0,478297000.0,0.0,0.0,0.0,0.0,0.0,0.0,0.0,0.0
05/01/2021,2900.0,2990.0,-90.0,-0.0301003344,2860.0,2960.0,2860.0,206900.0,599599000.0,0.0,0.0,206900.0,599599000.0,0.0,0.0,0.0,0.0,0.0,0.0,0.0,0.0
04/01/2021,2990.0,2950.0,40.0,0.013559322,3000.0,3000.0,2900.0,118400.0,352150000.0,0.0,0.0,118400.0,352150000.0,-700.0,0.0,0.0,700.0,-2080000.0,0.0,0.0,2080000.0
31/12/2020,2950.0,2900.0,50.0,0.0172413793,2810.0,2980.0,2810.0,91330.0,268546900.0,0.0,0.0,91330.0,268546900.0,0.0,0.0,0.0,0.0,0.0,0.0,0.0,0.0
30/12/2020,2900.0,2800.0,100.0,0.0357142857,2800.0,2970.0,2750.0,275250.0,788493000.0,0.0,0.0,275250.0,788493000.0,10.0,-10.0,-10.0,0.0,29100.0,-29100.0,-29100.0,0.0
29/12/2020,2800.0,2850.0,-50.0,-0.0175438596,2850.0,2870.0,2750.0,422830.0,1168162300.0,0.0,0.0,422830.0,1168162300.0,30.0,0.0,0.0,-30.0,86100.0,0.0,0.0,-86100.0
28/12/2020,2850.0,2850.0,0.0,0.0,2890.0,2890.0,2800.0,162380.0,455158900.0,0.0,0.0,162380.0,455158900.0,1480.0,0.0,0.0,-1480.0,4218000.0,0.0,0.0,-4218000.0
25/12/2020,2850.0,2800.0,50.0,0.0178571429,2800.0,2850.0,2720.0,131370.0,369940200.0,0.0,0.0,131370.0,369940200.0,-5000.0,0.0,0.0,5000.0,-14000000.0,0.0,0.0,14000000.0
24/12/2020,2800.0,2810.0,-10.0,-0.0035587189,2810.0,2830.0,2620.0,166820.0,462574600.0,0.0,0.0,166820.0,462574600.0,-2000.0,0.0,0.0,2000.0,-5580000.0,0.0,0.0,5580000.0
23/12/2020,2810.0,2840.0,-30.0,-0.0105633803,2840.0,2900.0,2780.0,91230.0,256439700.0,0.0,0.0,91230.0,256439700.0,0.0,0.0,0.0,0.0,0.0,0.0,0.0,0.0
22/12/2020,2840.0,2740.0,100.0,0.0364963504,2740.0,2860.0,2710.0,282060.0,795721700.0,0.0,0.0,282060.0,795721700.0,0.0,0.0,0.0,0.0,0.0,0.0,0.0,0.0
21/12/2020,2740.0,2700.0,40.0,0.0148148148,2700.0,2780.0,2600.0,354510.0,947345000.0,0.0,0.0,354510.0,947345000.0,-1000.0,0.0,0.0,1000.0,-2655000.0,0.0,0.0,2655000.0
18/12/2020,2700.0,2680.0,20.0,0.0074626866,2680.0,2700.0,2650.0,190060.0,507589000.0,0.0,0.0,190060.0,507589000.0,0.0,0.0,0.0,0.0,0.0,0.0,0.0,0.0
17/12/2020,2680.0,2740.0,-60.0,-0.0218978102,2700.0,2740.0,2680.0,138540.0,373628600.0,0.0,0.0,138540.0,373628600.0,0.0,0.0,0.0,0.0,0.0,0.0,0.0,0.0
16/12/2020,2740.0,2750.0,-10.0,-0.0036363636,2750.0,2760.0,2680.0,188910.0,515868200.0,0.0,0.0,188910.0,515868200.0,0.0,0.0,0.0,0.0,0.0,0.0,0.0,0.0
15/12/2020,2750.0,2680.0,70.0,0.026119403,2680.0,2770.0,2610.0,182310.0,492165900.0,0.0,0.0,182310.0,492165900.0,-1000.0,0.0,0.0,1000.0,-2740000.0,0.0,0.0,2740000.0
14/12/2020,2680.0,2670.0,10.0,0.0037453184,2660.0,2790.0,2660.0,123920.0,333688700.0,0.0,0.0,123920.0,333688700.0,0.0,0.0,0.0,0.0,0.0,0.0,0.0,0.0
11/12/2020,2670.0,2640.0,30.0,0.0113636364,2560.0,2670.0,2560.0,25800.0,68235000.0,0.0,0.0,25800.0,68235000.0,0.0,0.0,0.0,0.0,0.0,0.0,0.0,0.0
10/12/2020,2640.0,2640.0,0.0,0.0,2700.0,2730.0,2550.0,278060.0,743562400.0,0.0,0.0,278060.0,743562400.0,40000.0,0.0,0.0,-40000.0,105394100.0,0.0,0.0,-105394100.0
09/12/2020,2640.0,2580.0,60.0,0.023255814,2600.0,2700.0,2540.0,189000.0,497940600.0,0.0,0.0,189000.0,497940600.0,-3360.0,0.0,0.0,3360.0,-8702400.0,0.0,0.0,8702400.0
08/12/2020,2580.0,2600.0,-20.0,-0.0076923077,2610.0,2610.0,2520.0,117680.0,299935200.0,0.0,0.0,117680.0,299935200.0,-1000.0,0.0,0.0,1000.0,-2580000.0,0.0,0.0,2580000.0
07/12/2020,2600.0,2550.0,50.0,0.0196078431,2590.0,2600.0,2500.0,117550.0,299534300.0,0.0,0.0,117550.0,299534300.0,-5640.0,0.0,0.0,5640.0,-14240000.0,0.0,0.0,14240000.0
04/12/2020,2550.0,2600.0,-50.0,-0.0192307692,2600.0,2600.0,2510.0,41040.0,106025300.0,0.0,0.0,41040.0,106025300.0,-1000.0,0.0,0.0,1000.0,-2600000.0,0.0,0.0,2600000.0
03/12/2020,2600.0,2490.0,110.0,0.0441767068,2500.0,2600.0,2460.0,163130.0,407918300.0,0.0,0.0,163130.0,407918300.0,-160.0,0.0,0.0,160.0,-398400.0,0.0,0.0,398400.0
02/12/2020,2490.0,2500.0,-10.0,-0.004,2500.0,2550.0,2450.0,82910.0,206784600.0,0.0,0.0,82910.0,206784600.0,-3480.0,0.0,0.0,3480.0,-8526000.0,0.0,0.0,8526000.0
01/12/2020,2500.0,2510.0,-10.0,-0.0039840637,2500.0,2500.0,2450.0,141960.0,352157600.0,0.0,0.0,141960.0,352157600.0,0.0,0.0,0.0,0.0,0.0,0.0,0.0,0.0
30/11/2020,2510.0,2540.0,-30.0,-0.0118110236,2540.0,2540.0,2480.0,84700.0,211932500.0,0.0,0.0,84700.0,211932500.0,0.0,0.0,0.0,0.0,0.0,0.0,0.0,0.0
27/11/2020,2540.0,2550.0,-10.0,-0.0039215686,2550.0,2600.0,2500.0,81490.0,208300700.0,0.0,0.0,81490.0,208300700.0,0.0,0.0,0.0,0.0,0.0,0.0,0.0,0.0
26/11/2020,2550.0,2540.0,10.0,0.0039370079,2550.0,2550.0,2500.0,44740.0,112823500.0,0.0,0.0,44740.0,112823500.0,10.0,-10.0,-10.0,0.0,25000.0,-25000.0,-25000.0,0.0
25/11/2020,2540.0,2550.0,-10.0,-0.0039215686,2550.0,2550.0,2460.0,108390.0,269411700.0,0.0,0.0,108390.0,269411700.0,0.0,0.0,0.0,0.0,0.0,0.0,0.0,0.0
24/11/2020,2550.0,2570.0,-20.0,-0.0077821012,2570.0,2570.0,2450.0,406560.0,1018451300.0,0.0,0.0,406560.0,1018451300.0,0.0,0.0,0.0,0.0,0.0,0.0,0.0,0.0
23/11/2020,2570.0,2610.0,-40.0,-0.0153256705,2610.0,2610.0,2520.0,218030.0,565701200.0,0.0,0.0,218030.0,565701200.0,0.0,0.0,0.0,0.0,0.0,0.0,0.0,0.0
20/11/2020,2610.0,2690.0,-80.0,-0.029739777,2700.0,2700.0,2510.0,136570.0,354831400.0,0.0,0.0,136570.0,354831400.0,23200.0,0.0,0.0,-23200.0,59288000.0,0.0,0.0,-59288000.0
19/11/2020,2690.0,2560.0,130.0,0.05078125,2640.0,2730.0,2620.0,1020350.0,2756394200.0,0.0,0.0,1020350.0,2756394200.0,35420.0,0.0,0.0,-35420.0,92860600.0,0.0,0.0,-92860600.0
18/11/2020,2560.0,2400.0,160.0,0.0666666667,2410.0,2560.0,2380.0,379010.0,944875600.0,0.0,0.0,379010.0,944875600.0,22000.0,0.0,0.0,-22000.0,56320000.0,0.0,0.0,-56320000.0
17/11/2020,2400.0,2380.0,20.0,0.0084033613,2380.0,2420.0,2350.0,108450.0,258072300.0,0.0,0.0,108450.0,258072300.0,-3060.0,0.0,0.0,3060.0,-7045800.0,0.0,0.0,7045800.0
16/11/2020,2380.0,2410.0,-30.0,-0.0124481328,2440.0,2440.0,2350.0,128730.0,303660300.0,0.0,0.0,128730.0,303660300.0,-27490.0,0.0,0.0,27490.0,-64601500.0,0.0,0.0,64601500.0
13/11/2020,2410.0,2390.0,20.0,0.0083682008,2350.0,2410.0,2320.0,113440.0,268761600.0,0.0,0.0,113440.0,268761600.0,-2340.0,0.0,0.0,2340.0,-5428800.0,0.0,0.0,5428800.0
12/11/2020,2390.0,2340.0,50.0,0.0213675214,2390.0,2390.0,2320.0,235620.0,552000000.0,0.0,0.0,235620.0,552000000.0,0.0,0.0,0.0,0.0,0.0,0.0,0.0,0.0
11/11/2020,2340.0,2360.0,-20.0,-0.0084745763,2320.0,2410.0,2300.0,161760.0,376000000.0,0.0,0.0,161760.0,376000000.0,-20240.0,0.0,0.0,20240.0,-46702000.0,0.0,0.0,46702000.0
10/11/2020,2360.0,2450.0,-90.0,-0.0367346939,2450.0,2450.0,2300.0,236640.0,559713300.0,0.0,0.0,236640.0,559713300.0,-4930.0,0.0,0.0,4930.0,-11339000.0,0.0,0.0,11339000.0
09/11/2020,2450.0,2400.0,50.0,0.0208333333,2320.0,2450.0,2320.0,329540.0,786384600.0,0.0,0.0,329540.0,786384600.0,0.0,-10.0,-10.0,10.0,0.0,-23200.0,-23200.0,23200.0
06/11/2020,2400.0,2540.0,-140.0,-0.0551181102,2430.0,2490.0,2380.0,204240.0,491116000.0,0.0,0.0,204240.0,491116000.0,0.0,0.0,0.0,0.0,0.0,0.0,0.0,0.0
05/11/2020,2540.0,2560.0,-20.0,-0.0078125,2600.0,2650.0,2460.0,197820.0,509009600.0,0.0,0.0,197820.0,509009600.0,15300.0,0.0,0.0,-15300.0,38411300.0,0.0,0.0,-38411300.0
04/11/2020,2560.0,2400.0,160.0,0.0666666667,2560.0,2560.0,2500.0,1271430.0,3254518600.0,0.0,0.0,1271430.0,3254518600.0,-85000.0,0.0,0.0,85000.0,-217600000.0,0.0,0.0,217600000.0
03/11/2020,2400.0,2250.0,150.0,0.0666666667,2250.0,2400.0,2240.0,783730.0,1862428400.0,0.0,0.0,783730.0,1862428400.0,110.0,0.0,0.0,-110.0,264000.0,0.0,0.0,-264000.0
02/11/2020,2250.0,2250.0,0.0,0.0,2270.0,2270.0,2230.0,101280.0,226910600.0,0.0,0.0,101280.0,226910600.0,0.0,0.0,0.0,0.0,0.0,0.0,0.0,0.0
30/10/2020,2250.0,2250.0,0.0,0.0,2260.0,2260.0,2220.0,73030.0,163523800.0,0.0,0.0,73030.0,163523800.0,2.0,0.0,0.0,0.0,0.0,0.0,0.0,0.0
29/10/2020,2250.0,2320.0,-70.0,-0.0301724138,2210.0,2280.0,2200.0,103250.0,230581100.0,0.0,0.0,103250.0,230581100.0,-16714.0,0.0,0.0,16750.0,-37483100.0,0.0,0.0,37483100.0
28/10/2020,2320.0,2180.0,140.0,0.0642201835,2200.0,2320.0,2160.0,149790.0,328748400.0,0.0,0.0,149790.0,328748400.0,-1.0,0.0,0.0,0.0,0.0,0.0,0.0,0.0
27/10/2020,2180.0,2180.0,0.0,0.0,2210.0,2210.0,2180.0,56540.0,123319200.0,0.0,0.0,56540.0,123319200.0,0.0,0.0,0.0,0.0,0.0,0.0,0.0,0.0
26/10/2020,2180.0,2220.0,-40.0,-0.018018018,2230.0,2230.0,2180.0,56580.0,123578200.0,0.0,0.0,56580.0,123578200.0,0.0,0.0,0.0,0.0,0.0,0.0,0.0,0.0
23/10/2020,2220.0,2200.0,20.0,0.0090909091,2180.0,2220.0,2180.0,100500.0,221614800.0,0.0,0.0,100500.0,221614800.0,-5.0,0.0,0.0,0.0,0.0,0.0,0.0,0.0
22/10/2020,2200.0,2180.0,20.0,0.0091743119,2180.0,2210.0,2180.0,96030.0,210100500.0,0.0,0.0,96030.0,210100500.0,0.0,0.0,0.0,0.0,0.0,0.0,0.0,0.0
21/10/2020,2180.0,2190.0,-10.0,-0.00456621,2210.0,2210.0,2170.0,72660.0,159388900.0,0.0,0.0,72660.0,159388900.0,0.0,0.0,0.0,0.0,0.0,0.0,0.0,0.0
20/10/2020,2190.0,2180.0,10.0,0.004587156,2180.0,2240.0,2180.0,15840.0,34708600.0,0.0,0.0,15840.0,34708600.0,0.0,0.0,0.0,0.0,0.0,0.0,0.0,0.0
19/10/2020,2180.0,2180.0,0.0,0.0,2170.0,2180.0,2160.0,58230.0,125983700.0,0.0,0.0,58230.0,125983700.0,0.0,0.0,0.0,0.0,0.0,0.0,0.0,0.0
16/10/2020,2180.0,2200.0,-20.0,-0.0090909091,2200.0,2200.0,2150.0,24960.0,53909900.0,0.0,0.0,24960.0,53909900.0,0.0,0.0,0.0,0.0,0.0,0.0,0.0,0.0
15/10/2020,2200.0,2180.0,20.0,0.0091743119,2240.0,2240.0,2160.0,244630.0,531118100.0,0.0,0.0,244630.0,531118100.0,16370.0,0.0,0.0,-16370.0,35524000.0,0.0,0.0,-35524000.0
14/10/2020,2180.0,2190.0,-10.0,-0.00456621,2190.0,2200.0,2180.0,57040.0,124623700.0,0.0,0.0,57040.0,124623700.0,5360.0,0.0,0.0,-5360.0,11738400.0,0.0,0.0,-11738400.0
13/10/2020,2190.0,2200.0,-10.0,-0.0045454545,2230.0,2230.0,2190.0,7440.0,16374700.0,0.0,0.0,7440.0,16374700.0,0.0,0.0,0.0,0.0,0.0,0.0,0.0,0.0
12/10/2020,2200.0,2220.0,-20.0,-0.009009009,2250.0,2250.0,2180.0,121100.0,265212900.0,0.0,0.0,121100.0,265212900.0,0.0,0.0,0.0,0.0,0.0,0.0,0.0,0.0
09/10/2020,2220.0,2240.0,-20.0,-0.0089285714,2240.0,2260.0,2210.0,8040.0,17945600.0,0.0,0.0,8040.0,17945600.0,-150.0,0.0,0.0,-2840.0,-335900.0,0.0,0.0,-6361600.0
08/10/2020,2240.0,2230.0,10.0,0.0044843049,2240.0,2240.0,2200.0,48850.0,108387900.0,0.0,0.0,48850.0,108387900.0,-800.0,0.0,0.0,0.0,-1760000.0,0.0,0.0,0.0
07/10/2020,2230.0,2220.0,10.0,0.0045045045,2220.0,2270.0,2220.0,155310.0,347035500.0,0.0,0.0,155310.0,347035500.0,0.0,0.0,0.0,0.0,0.0,0.0,0.0,0.0
06/10/2020,2220.0,2220.0,0.0,0.0,2210.0,2240.0,2200.0,65260.0,144704100.0,0.0,0.0,65260.0,144704100.0,0.0,0.0,0.0,0.0,0.0,0.0,0.0,0.0
05/10/2020,2220.0,2240.0,-20.0,-0.0089285714,2220.0,2240.0,2200.0,51850.0,114703000.0,0.0,0.0,51850.0,114703000.0,10.0,0.0,0.0,0.0,22300.0,0.0,0.0,0.0
02/10/2020,2240.0,2230.0,10.0,0.0044843049,2210.0,2260.0,2210.0,50810.0,112970300.0,0.0,0.0,50810.0,112970300.0,0.0,0.0,0.0,0.0,0.0,0.0,0.0,0.0
01/10/2020,2230.0,2220.0,10.0,0.0045045045,2220.0,2240.0,2200.0,46260.0,102924900.0,0.0,0.0,46260.0,102924900.0,0.0,0.0,0.0,0.0,0.0,0.0,0.0,0.0
30/09/2020,2220.0,2220.0,0.0,0.0,2220.0,2230.0,2210.0,91080.0,202155600.0,0.0,0.0,91080.0,202155600.0,0.0,0.0,0.0,0.0,0.0,0.0,0.0,0.0
29/09/2020,2220.0,2210.0,10.0,0.0045248869,2240.0,2240.0,2200.0,22900.0,50758200.0,0.0,0.0,22900.0,50758200.0,0.0,0.0,0.0,0.0,0.0,0.0,0.0,0.0
28/09/2020,2210.0,2240.0,-30.0,-0.0133928571,2240.0,2250.0,2200.0,42940.0,95095500.0,0.0,0.0,42940.0,95095500.0,0.0,0.0,0.0,0.0,0.0,0.0,0.0,0.0
25/09/2020,2240.0,2250.0,-10.0,-0.0044444444,2210.0,2260.0,2210.0,21800.0,48557400.0,0.0,0.0,21800.0,48557400.0,0.0,0.0,0.0,0.0,0.0,0.0,0.0,0.0
24/09/2020,2250.0,2250.0,0.0,0.0,2270.0,2270.0,2200.0,15630.0,34756600.0,0.0,0.0,15630.0,34756600.0,-10.0,0.0,0.0,0.0,-22600.0,0.0,0.0,0.0
23/09/2020,2250.0,2240.0,10.0,0.0044642857,2240.0,2270.0,2220.0,70270.0,158056500.0,0.0,0.0,70270.0,158056500.0,-200.0,0.0,0.0,200.0,-450000.0,0.0,0.0,450000.0
22/09/2020,2240.0,2250.0,-10.0,-0.0044444444,2210.0,2250.0,2210.0,13880.0,31107300.0,0.0,0.0,13880.0,31107300.0,0.0,0.0,0.0,0.0,0.0,0.0,0.0,0.0
21/09/2020,2250.0,2250.0,0.0,0.0,2290.0,2290.0,2220.0,73450.0,164974000.0,0.0,0.0,73450.0,164974000.0,2000.0,0.0,0.0,0.0,4580000.0,0.0,0.0,0.0
18/09/2020,2250.0,2250.0,0.0,0.0,2210.0,2260.0,2210.0,46690.0,104520700.0,0.0,0.0,46690.0,104520700.0,17050.0,0.0,0.0,-7060.0,38171500.0,0.0,0.0,-15973200.0
17/09/2020,2250.0,2250.0,0.0,0.0,2250.0,2260.0,2200.0,78140.0,175142600.0,0.0,0.0,78140.0,175142600.0,10.0,0.0,0.0,0.0,22400.0,0.0,0.0,0.0
16/09/2020,2250.0,2250.0,0.0,0.0,2270.0,2270.0,2210.0,45130.0,100695500.0,0.0,0.0,45130.0,100695500.0,-2010.0,0.0,0.0,0.0,-4502200.0,0.0,0.0,0.0
15/09/2020,2250.0,2270.0,-20.0,-0.0088105727,2280.0,2280.0,2200.0,50260.0,112810000.0,0.0,0.0,50260.0,112810000.0,6510.0,-12010.0,0.0,5000.0,14187200.0,-26492200.0,0.0,11200000.0
14/09/2020,2270.0,2220.0,50.0,0.0225225225,2200.0,2270.0,2200.0,92390.0,206349800.0,0.0,0.0,92390.0,206349800.0,-11990.0,0.0,0.0,0.0,-26607400.0,0.0,0.0,0.0
11/09/2020,2220.0,2170.0,50.0,0.0230414747,2190.0,2220.0,2170.0,76690.0,168798900.0,0.0,0.0,76690.0,168798900.0,910.0,0.0,0.0,0.0,1992900.0,0.0,0.0,0.0
10/09/2020,2170.0,2200.0,-30.0,-0.0136363636,2200.0,2210.0,2160.0,81300.0,177235800.0,0.0,0.0,81300.0,177235800.0,3040.0,0.0,0.0,0.0,6692000.0,0.0,0.0,0.0
09/09/2020,2200.0,2180.0,20.0,0.0091743119,2150.0,2200.0,2150.0,42900.0,92952300.0,0.0,0.0,42900.0,92952300.0,270.0,0.0,0.0,0.0,588600.0,0.0,0.0,0.0
08/09/2020,2180.0,2190.0,-10.0,-0.00456621,2200.0,2200.0,2150.0,5240.0,11404900.0,0.0,0.0,5240.0,11404900.0,-20.0,0.0,0.0,0.0,-43600.0,0.0,0.0,0.0
07/09/2020,2190.0,2180.0,10.0,0.004587156,2190.0,2210.0,2150.0,173810.0,377771200.0,0.0,0.0,173810.0,377771200.0,8450.0,0.0,0.0,-8450.0,18776000.0,0.0,0.0,-18776000.0
04/09/2020,2180.0,2220.0,-40.0,-0.018018018,2220.0,2230.0,2150.0,55370.0,120003700.0,0.0,0.0,55370.0,120003700.0,-40.0,0.0,0.0,0.0,-85300.0,0.0,0.0,0.0
03/09/2020,2220.0,2260.0,-40.0,-0.017699115,2220.0,2270.0,2150.0,63110.0,142088000.0,0.0,0.0,63110.0,142088000.0,-16920.0,0.0,0.0,16430.0,-38216800.0,0.0,0.0,37129400.0
01/09/2020,2260.0,2190.0,70.0,0.0319634703,2180.0,2260.0,2120.0,64840.0,142407400.0,0.0,0.0,64840.0,142407400.0,1570.0,0.0,0.0,0.0,3472600.0,0.0,0.0,0.0
31/08/2020,2190.0,2200.0,-10.0,-0.0045454545,2220.0,2220.0,2160.0,44920.0,98409100.0,0.0,0.0,44920.0,98409100.0,-4490.0,0.0,0.0,5000.0,-9739400.0,0.0,0.0,10850000.0
28/08/2020,2200.0,2130.0,70.0,0.0328638498,2140.0,2210.0,2140.0,144480.0,315295100.0,0.0,0.0,144480.0,315295100.0,-1040.0,0.0,0.0,2210.0,-2270500.0,0.0,0.0,4773600.0
27/08/2020,2130.0,2170.0,-40.0,-0.0184331797,2120.0,2170.0,2120.0,43950.0,93879500.0,0.0,0.0,43950.0,93879500.0,-3800.0,0.0,0.0,3660.0,-8189600.0,0.0,0.0,7898800.0
26/08/2020,2170.0,2190.0,-20.0,-0.0091324201,2150.0,2190.0,2140.0,21890.0,47158300.0,0.0,0.0,21890.0,47158300.0,40.0,0.0,0.0,0.0,86400.0,0.0,0.0,0.0
25/08/2020,2190.0,2200.0,-10.0,-0.0045454545,2160.0,2200.0,2160.0,49130.0,107048600.0,0.0,0.0,49130.0,107048600.0,-3080.0,0.0,0.0,3000.0,-6809900.0,0.0,0.0,6636300.0
24/08/2020,2200.0,2120.0,80.0,0.0377358491,2110.0,2220.0,2100.0,137520.0,296084100.0,0.0,0.0,137520.0,296084100.0,-320.0,0.0,0.0,0.0,-684800.0,0.0,0.0,0.0
21/08/2020,2120.0,2120.0,0.0,0.0,2130.0,2130.0,2080.0,85470.0,179456500.0,0.0,0.0,85470.0,179456500.0,-540.0,0.0,0.0,0.0,-1135800.0,0.0,0.0,0.0
20/08/2020,2120.0,2110.0,10.0,0.0047393365,2110.0,2140.0,2080.0,51730.0,109380800.0,0.0,0.0,51730.0,109380800.0,0.0,0.0,0.0,0.0,0.0,0.0,0.0,0.0
19/08/2020,2110.0,2100.0,10.0,0.0047619048,2100.0,2160.0,2090.0,137580.0,291205100.0,0.0,0.0,137580.0,291205100.0,-6510.0,0.0,0.0,5000.0,-13671200.0,0.0,0.0,10500000.0
18/08/2020,2100.0,2100.0,0.0,0.0,2110.0,2110.0,2050.0,15390.0,31938100.0,0.0,0.0,15390.0,31938100.0,0.0,0.0,0.0,0.0,0.0,0.0,0.0,0.0
17/08/2020,2100.0,2080.0,20.0,0.0096153846,2110.0,2110.0,2060.0,7650.0,15989100.0,0.0,0.0,7650.0,15989100.0,20.0,0.0,0.0,0.0,59000.0,0.0,0.0,0.0
14/08/2020,2080.0,2120.0,-40.0,-0.0188679245,2120.0,2120.0,2060.0,58610.0,121681000.0,0.0,0.0,58610.0,121681000.0,-3030.0,0.0,0.0,0.0,-6252100.0,0.0,0.0,0.0
13/08/2020,2120.0,2150.0,-30.0,-0.0139534884,2120.0,2150.0,2060.0,112640.0,235246500.0,0.0,0.0,112640.0,235246500.0,-18740.0,0.0,0.0,2860.0,-39113400.0,0.0,0.0,6077200.0
12/08/2020,2150.0,2130.0,20.0,0.0093896714,2150.0,2150.0,2120.0,23980.0,51163200.0,0.0,0.0,23980.0,51163200.0,-1450.0,0.0,0.0,0.0,-3090600.0,0.0,0.0,0.0
11/08/2020,2130.0,2100.0,30.0,0.0142857143,2120.0,2130.0,2080.0,23010.0,48344500.0,0.0,0.0,23010.0,48344500.0,-6790.0,0.0,0.0,1500.0,-14181200.0,0.0,0.0,3150000.0
10/08/2020,2100.0,2150.0,-50.0,-0.023255814,2120.0,2150.0,2100.0,49770.0,105525800.0,0.0,0.0,49770.0,105525800.0,-820.0,0.0,0.0,0.0,-1692000.0,0.0,0.0,0.0
07/08/2020,2150.0,2150.0,0.0,0.0,2130.0,2150.0,2100.0,13750.0,29442400.0,0.0,0.0,13750.0,29442400.0,100.0,0.0,0.0,0.0,214000.0,0.0,0.0,0.0
06/08/2020,2150.0,2150.0,0.0,0.0,2140.0,2160.0,2080.0,17310.0,37096700.0,0.0,0.0,17310.0,37096700.0,-1300.0,0.0,0.0,500.0,-2722000.0,0.0,0.0,1070000.0
05/08/2020,2150.0,2130.0,20.0,0.0093896714,2120.0,2150.0,2070.0,40670.0,85863200.0,0.0,0.0,40670.0,85863200.0,-2200.0,0.0,0.0,0.0,-4626000.0,0.0,0.0,0.0
04/08/2020,2130.0,2140.0,-10.0,-0.0046728972,2170.0,2170.0,2110.0,13670.0,29118700.0,0.0,0.0,13670.0,29118700.0,0.0,0.0,0.0,0.0,0.0,0.0,0.0,0.0
03/08/2020,2140.0,2070.0,70.0,0.0338164251,2000.0,2140.0,2000.0,48470.0,100366100.0,0.0,0.0,48470.0,100366100.0,-710.0,0.0,0.0,0.0,-1420600.0,0.0,0.0,0.0
31/07/2020,2070.0,2120.0,-50.0,-0.0235849057,2140.0,2140.0,2020.0,34760.0,71547200.0,0.0,0.0,34760.0,71547200.0,-5200.0,0.0,0.0,0.0,-10786000.0,0.0,0.0,0.0
30/07/2020,2120.0,2100.0,20.0,0.0095238095,2120.0,2120.0,2090.0,25020.0,52474000.0,0.0,0.0,25020.0,52474000.0,0.0,0.0,0.0,0.0,0.0,0.0,0.0,0.0
29/07/2020,2100.0,2210.0,-110.0,-0.0497737557,2060.0,2170.0,2060.0,33470.0,69675900.0,0.0,0.0,33470.0,69675900.0,0.0,0.0,0.0,0.0,0.0,0.0,0.0,0.0
28/07/2020,2210.0,2080.0,130.0,0.0625,2000.0,2210.0,2000.0,104630.0,216087400.0,0.0,0.0,104630.0,216087400.0,-5000.0,0.0,0.0,5000.0,-10050000.0,0.0,0.0,10050000.0
27/07/2020,2080.0,2170.0,-90.0,-0.0414746544,2030.0,2150.0,2020.0,127830.0,261644700.0,0.0,0.0,127830.0,261644700.0,-3410.0,0.0,0.0,3410.0,-7288500.0,0.0,0.0,7288500.0
24/07/2020,2170.0,2240.0,-70.0,-0.03125,2150.0,2240.0,2100.0,86310.0,185846100.0,0.0,0.0,86310.0,185846100.0,0.0,0.0,0.0,0.0,0.0,0.0,0.0,0.0
23/07/2020,2240.0,2260.0,-20.0,-0.0088495575,2220.0,2240.0,2150.0,80760.0,177641600.0,0.0,0.0,80760.0,177641600.0,0.0,0.0,0.0,0.0,0.0,0.0,0.0,0.0
22/07/2020,2260.0,2280.0,-20.0,-0.0087719298,2270.0,2280.0,2200.0,113350.0,250815800.0,0.0,0.0,113350.0,250815800.0,0.0,0.0,0.0,0.0,0.0,0.0,0.0,0.0
21/07/2020,2280.0,2290.0,-10.0,-0.0043668122,2250.0,2290.0,2250.0,29970.0,67953100.0,0.0,0.0,29970.0,67953100.0,0.0,0.0,0.0,0.0,0.0,0.0,0.0,0.0
20/07/2020,2290.0,2280.0,10.0,0.0043859649,2290.0,2290.0,2250.0,43230.0,98603900.0,0.0,0.0,43230.0,98603900.0,0.0,0.0,0.0,0.0,0.0,0.0,0.0,0.0
17/07/2020,2280.0,2260.0,20.0,0.0088495575,2250.0,2290.0,2250.0,39350.0,89156300.0,0.0,0.0,39350.0,89156300.0,0.0,0.0,0.0,0.0,0.0,0.0,0.0,0.0
16/07/2020,2260.0,2260.0,0.0,0.0,2250.0,2270.0,2250.0,16430.0,37023000.0,0.0,0.0,16430.0,37023000.0,-10.0,0.0,0.0,0.0,-22600.0,0.0,0.0,0.0
15/07/2020,2260.0,2300.0,-40.0,-0.0173913043,2300.0,2300.0,2220.0,110360.0,247322400.0,0.0,0.0,110360.0,247322400.0,0.0,0.0,0.0,0.0,0.0,0.0,0.0,0.0
14/07/2020,2300.0,2300.0,0.0,0.0,2290.0,2300.0,2280.0,8490.0,19472500.0,0.0,0.0,8490.0,19472500.0,0.0,0.0,0.0,0.0,0.0,0.0,0.0,0.0
13/07/2020,2300.0,2310.0,-10.0,-0.0043290043,2310.0,2310.0,2250.0,95080.0,216385300.0,0.0,0.0,95080.0,216385300.0,0.0,0.0,0.0,0.0,0.0,0.0,0.0,0.0
10/07/2020,2310.0,2350.0,-40.0,-0.0170212766,2320.0,2320.0,2240.0,97100.0,221660300.0,0.0,0.0,97100.0,221660300.0,0.0,0.0,0.0,0.0,0.0,0.0,0.0,0.0
09/07/2020,2350.0,2350.0,0.0,0.0,2320.0,2350.0,2310.0,122890.0,284837300.0,0.0,0.0,122890.0,284837300.0,0.0,0.0,0.0,0.0,0.0,0.0,0.0,0.0
08/07/2020,2350.0,2350.0,0.0,0.0,2350.0,2350.0,2340.0,29400.0,68857800.0,0.0,0.0,29400.0,68857800.0,-2000.0,0.0,0.0,0.0,-4700000.0,0.0,0.0,0.0
07/07/2020,2350.0,2390.0,-40.0,-0.0167364017,2350.0,2370.0,2290.0,27610.0,64453600.0,0.0,0.0,27610.0,64453600.0,-1690.0,0.0,0.0,0.0,-3980800.0,0.0,0.0,0.0
06/07/2020,2390.0,2350.0,40.0,0.0170212766,2350.0,2390.0,2300.0,62430.0,147742800.0,0.0,0.0,62430.0,147742800.0,8550.0,0.0,0.0,-7500.0,19747500.0,0.0,0.0,-17250000.0
03/07/2020,2350.0,2310.0,40.0,0.0173160173,2300.0,2370.0,2300.0,16580.0,39028400.0,0.0,0.0,16580.0,39028400.0,70.0,0.0,0.0,0.0,164500.0,0.0,0.0,0.0
02/07/2020,2310.0,2340.0,-30.0,-0.0128205128,2340.0,2340.0,2300.0,11400.0,26281900.0,0.0,0.0,11400.0,26281900.0,0.0,0.0,0.0,0.0,0.0,0.0,0.0,0.0
01/07/2020,2340.0,2290.0,50.0,0.0218340611,2300.0,2340.0,2260.0,111800.0,258528600.0,0.0,0.0,111800.0,258528600.0,-1000.0,0.0,0.0,0.0,-2300000.0,0.0,0.0,0.0
30/06/2020,2290.0,2260.0,30.0,0.0132743363,2240.0,2300.0,2220.0,61750.0,140914900.0,0.0,0.0,61750.0,140914900.0,-70.0,0.0,0.0,0.0,-159600.0,0.0,0.0,0.0
29/06/2020,2260.0,2250.0,10.0,0.0044444444,2250.0,2260.0,2210.0,76450.0,171112400.0,0.0,0.0,76450.0,171112400.0,150.0,0.0,0.0,0.0,336000.0,0.0,0.0,0.0
26/06/2020,2250.0,2400.0,-150.0,-0.0625,2420.0,2420.0,2250.0,539560.0,1219786800.0,0.0,0.0,539560.0,1219786800.0,130.0,0.0,0.0,0.0,310700.0,0.0,0.0,0.0
25/06/2020,2400.0,2400.0,0.0,0.0,2380.0,2400.0,2320.0,75570.0,178327200.0,0.0,0.0,75570.0,178327200.0,-200.0,0.0,0.0,0.0,-480000.0,0.0,0.0,0.0
24/06/2020,2400.0,2480.0,-80.0,-0.0322580645,2470.0,2480.0,2350.0,120330.0,290305100.0,0.0,0.0,120330.0,290305100.0,-1020.0,0.0,0.0,0.0,-2459400.0,0.0,0.0,0.0
23/06/2020,2480.0,2510.0,-30.0,-0.0119521912,2510.0,2510.0,2430.0,50650.0,125258000.0,0.0,0.0,50650.0,125258000.0,-3000.0,0.0,0.0,0.0,-7530000.0,0.0,0.0,0.0
22/06/2020,2510.0,2450.0,60.0,0.0244897959,2510.0,2560.0,2400.0,146070.0,365811600.0,0.0,0.0,146070.0,365811600.0,-250.0,0.0,0.0,0.0,-631500.0,0.0,0.0,0.0
19/06/2020,2450.0,2460.0,-10.0,-0.0040650407,2460.0,2460.0,2400.0,224150.0,542909700.0,0.0,0.0,224150.0,542909700.0,-6220.0,6000.0,0.0,0.0,-15000400.0,14460000.0,0.0,0.0
18/06/2020,2460.0,2480.0,-20.0,-0.0080645161,2480.0,2480.0,2390.0,91070.0,220021000.0,0.0,0.0,91070.0,220021000.0,-40.0,0.0,0.0,0.0,-97600.0,0.0,0.0,0.0
17/06/2020,2480.0,2470.0,10.0,0.004048583,2500.0,2520.0,2400.0,96190.0,235692600.0,0.0,0.0,96190.0,235692600.0,10.0,0.0,0.0,0.0,25000.0,0.0,0.0,0.0
16/06/2020,2470.0,2460.0,10.0,0.0040650407,2400.0,2490.0,2400.0,338360.0,819971700.0,0.0,0.0,338360.0,819971700.0,57000.0,-50000.0,0.0,-7000.0,138906000.0,-121895800.0,0.0,-17010200.0
15/06/2020,2460.0,2500.0,-40.0,-0.016,2590.0,2590.0,2450.0,324770.0,818667100.0,0.0,0.0,324770.0,818667100.0,-13540.0,0.0,0.0,0.0,-33825900.0,0.0,0.0,0.0
12/06/2020,2500.0,2530.0,-30.0,-0.0118577075,2410.0,2520.0,2410.0,191620.0,471586700.0,0.0,0.0,191620.0,471586700.0,18220.0,0.0,0.0,0.0,43922900.0,0.0,0.0,0.0
11/06/2020,2530.0,2530.0,0.0,0.0,2620.0,2700.0,2530.0,1159640.0,3081698000.0,0.0,0.0,1159640.0,3081698000.0,-77280.0,56010.0,0.0,-2020.0,-207334500.0,151006200.0,0.0,-5254000.0
10/06/2020,2530.0,2370.0,160.0,0.0675105485,2360.0,2530.0,2330.0,492160.0,1223463500.0,0.0,0.0,492160.0,1223463500.0,4850.0,0.0,0.0,0.0,10975100.0,0.0,0.0,0.0
09/06/2020,2370.0,2400.0,-30.0,-0.0125,2400.0,2400.0,2310.0,188670.0,443457400.0,0.0,0.0,188670.0,443457400.0,-22500.0,-30.0,-30.0,0.0,-53348200.0,-70500.0,-70500.0,120000.0
08/06/2020,2400.0,2260.0,140.0,0.0619469027,2260.0,2410.0,2260.0,561780.0,1324912000.0,0.0,0.0,561780.0,1324912000.0,10910.0,0.0,0.0,-7310.0,24424700.0,0.0,0.0,-16894000.0
05/06/2020,2260.0,2180.0,80.0,0.0366972477,2170.0,2290.0,2170.0,112950.0,251987900.0,0.0,0.0,112950.0,251987900.0,-50.0,0.0,0.0,0.0,-113000.0,0.0,0.0,0.0
04/06/2020,2180.0,2200.0,-20.0,-0.0090909091,2170.0,2200.0,2160.0,142450.0,309718800.0,0.0,0.0,142450.0,309718800.0,430.0,0.0,0.0,0.0,917400.0,0.0,0.0,0.0
03/06/2020,2200.0,2200.0,0.0,0.0,2150.0,2220.0,2150.0,98800.0,215431200.0,0.0,0.0,98800.0,215431200.0,1540.0,0.0,0.0,0.0,3372600.0,0.0,0.0,0.0
02/06/2020,2200.0,2290.0,-90.0,-0.03930131,2250.0,2340.0,2200.0,51150.0,114165800.0,0.0,0.0,51150.0,114165800.0,2050.0,0.0,0.0,0.0,4612500.0,0.0,0.0,0.0
01/06/2020,2290.0,2190.0,100.0,0.0456621005,2190.0,2340.0,2180.0,160830.0,368603400.0,0.0,0.0,160830.0,368603400.0,2500.0,0.0,0.0,0.0,5846900.0,0.0,0.0,0.0
29/05/2020,2190.0,2160.0,30.0,0.0138888889,2160.0,2210.0,2150.0,98780.0,214914200.0,0.0,0.0,98780.0,214914200.0,40.0,0.0,0.0,0.0,86800.0,0.0,0.0,0.0
28/05/2020,2160.0,2160.0,0.0,0.0,2160.0,2170.0,2130.0,90590.0,194202700.0,0.0,0.0,90590.0,194202700.0,-4840.0,0.0,0.0,4310.0,-10448000.0,0.0,0.0,9309600.0
27/05/2020,2160.0,2190.0,-30.0,-0.0136986301,2180.0,2180.0,2120.0,59100.0,127367200.0,0.0,0.0,59100.0,127367200.0,-2000.0,0.0,0.0,0.0,-4320000.0,0.0,0.0,0.0
26/05/2020,2190.0,2180.0,10.0,0.004587156,2180.0,2190.0,2150.0,150380.0,325000000.0,0.0,0.0,150380.0,325000000.0,480.0,0.0,0.0,-710.0,1046200.0,0.0,0.0,-1547800.0
25/05/2020,2180.0,2170.0,10.0,0.0046082949,2170.0,2200.0,2150.0,78380.0,170861100.0,0.0,0.0,78380.0,170861100.0,500.0,0.0,0.0,0.0,1085000.0,0.0,0.0,0.0
22/05/2020,2170.0,2200.0,-30.0,-0.0136363636,2140.0,2190.0,2120.0,169810.0,365515000.0,0.0,0.0,169810.0,365515000.0,-11300.0,0.0,0.0,0.0,-24328100.0,0.0,0.0,0.0
21/05/2020,2200.0,2250.0,-50.0,-0.0222222222,2220.0,2250.0,2150.0,172340.0,375328100.0,0.0,0.0,172340.0,375328100.0,-5520.0,0.0,0.0,5510.0,-11993200.0,0.0,0.0,11971700.0
20/05/2020,2250.0,2310.0,-60.0,-0.025974026,2300.0,2300.0,2210.0,127370.0,286968900.0,0.0,0.0,127370.0,286968900.0,-1100.0,0.0,0.0,0.0,-2494000.0,0.0,0.0,0.0
19/05/2020,2310.0,2180.0,130.0,0.0596330275,2320.0,2330.0,2250.0,507990.0,1180640400.0,0.0,0.0,507990.0,1180640400.0,-10040.0,0.0,0.0,0.0,-23193200.0,0.0,0.0,0.0
18/05/2020,2180.0,2040.0,140.0,0.068627451,2040.0,2180.0,2040.0,347080.0,751000400.0,0.0,0.0,347080.0,751000400.0,330.0,0.0,0.0,170.0,654400.0,0.0,0.0,370600.0
15/05/2020,2040.0,2040.0,0.0,0.0,2040.0,2050.0,2030.0,141080.0,287540900.0,0.0,0.0,141080.0,287540900.0,1490.0,0.0,0.0,0.0,3054600.0,0.0,0.0,0.0
14/05/2020,2040.0,2060.0,-20.0,-0.0097087379,2020.0,2060.0,2000.0,293800.0,591513700.0,0.0,0.0,293800.0,591513700.0,-42610.0,0.0,0.0,0.0,-85328200.0,0.0,0.0,0.0
13/05/2020,2060.0,2050.0,10.0,0.0048780488,2040.0,2060.0,2030.0,43360.0,88720900.0,0.0,0.0,43360.0,88720900.0,-1900.0,0.0,0.0,0.0,-3880000.0,0.0,0.0,0.0
12/05/2020,2050.0,2020.0,30.0,0.0148514851,2010.0,2060.0,2000.0,80840.0,164533100.0,0.0,0.0,80840.0,164533100.0,10220.0,0.0,0.0,0.0,20868000.0,0.0,0.0,0.0
11/05/2020,2020.0,2040.0,-20.0,-0.0098039216,2040.0,2040.0,2000.0,43060.0,86493600.0,0.0,0.0,43060.0,86493600.0,-1530.0,0.0,0.0,130.0,-3064800.0,0.0,0.0,264800.0
08/05/2020,2040.0,2030.0,10.0,0.0049261084,2030.0,2070.0,2000.0,178680.0,359624500.0,0.0,0.0,178680.0,359624500.0,-24440.0,0.0,0.0,440.0,-48877500.0,0.0,0.0,888800.0
07/05/2020,2030.0,2040.0,-10.0,-0.0049019608,2050.0,2050.0,2000.0,173410.0,348790800.0,0.0,0.0,173410.0,348790800.0,-37360.0,0.0,0.0,0.0,-74784800.0,0.0,0.0,0.0
06/05/2020,2040.0,2090.0,-50.0,-0.023923445,2090.0,2090.0,2000.0,151400.0,307134600.0,0.0,0.0,151400.0,307134600.0,-11750.0,0.0,0.0,0.0,-23820000.0,0.0,0.0,0.0
05/05/2020,2090.0,2100.0,-10.0,-0.0047619048,2080.0,2090.0,2020.0,17930.0,37034200.0,0.0,0.0,17930.0,37034200.0,-1000.0,0.0,0.0,0.0,-2090000.0,0.0,0.0,0.0
04/05/2020,2100.0,2120.0,-20.0,-0.0094339623,2030.0,2100.0,2030.0,27540.0,57027300.0,0.0,0.0,27540.0,57027300.0,-5300.0,0.0,0.0,0.0,-10934000.0,0.0,0.0,0.0
29/04/2020,2120.0,2090.0,30.0,0.014354067,2080.0,2120.0,2080.0,15510.0,32697900.0,0.0,0.0,15510.0,32697900.0,-1000.0,0.0,0.0,0.0,-2090000.0,0.0,0.0,0.0
28/04/2020,2090.0,2100.0,-10.0,-0.0047619048,2100.0,2100.0,2090.0,43250.0,90689600.0,0.0,0.0,43250.0,90689600.0,-1020.0,0.0,0.0,0.0,-2142000.0,0.0,0.0,0.0
27/04/2020,2100.0,2080.0,20.0,0.0096153846,2070.0,2120.0,2060.0,120480.0,250234400.0,0.0,0.0,120480.0,250234400.0,-27740.0,0.0,0.0,0.0,-57202400.0,0.0,0.0,0.0
24/04/2020,2080.0,2120.0,-40.0,-0.0188679245,2130.0,2130.0,2080.0,15990.0,33416900.0,0.0,0.0,15990.0,33416900.0,-1040.0,0.0,0.0,0.0,-2164900.0,0.0,0.0,0.0
23/04/2020,2120.0,2120.0,0.0,0.0,2150.0,2150.0,2100.0,18830.0,39844100.0,0.0,0.0,18830.0,39844100.0,-5230.0,0.0,0.0,0.0,-11087200.0,0.0,0.0,0.0
22/04/2020,2120.0,2000.0,120.0,0.06,2010.0,2120.0,2010.0,74900.0,156000000.0,0.0,0.0,74900.0,156000000.0,0.0,0.0,0.0,0.0,0.0,0.0,0.0,0.0
21/04/2020,2000.0,2130.0,-130.0,-0.0610328638,2150.0,2150.0,2000.0,59320.0,123000000.0,0.0,0.0,59320.0,123000000.0,-1920.0,0.0,0.0,1920.0,-3830400.0,0.0,0.0,3830400.0
20/04/2020,2130.0,2120.0,10.0,0.0047169811,2120.0,2130.0,2080.0,24430.0,51000000.0,0.0,0.0,24430.0,51000000.0,0.0,0.0,0.0,0.0,0.0,0.0,0.0,0.0
17/04/2020,2120.0,2110.0,10.0,0.0047393365,2080.0,2140.0,2050.0,36560.0,76000000.0,0.0,0.0,36560.0,76000000.0,-3240.0,0.0,0.0,100.0,-6694400.0,0.0,0.0,206000.0
16/04/2020,2110.0,2110.0,0.0,0.0,2110.0,2110.0,2060.0,6710.0,14000000.0,0.0,0.0,6710.0,14000000.0,-30.0,0.0,0.0,0.0,-61800.0,0.0,0.0,0.0
15/04/2020,2110.0,2130.0,-20.0,-0.0093896714,2130.0,2130.0,2060.0,36210.0,76000000.0,0.0,0.0,36210.0,76000000.0,-2000.0,0.0,0.0,2000.0,-4160000.0,0.0,0.0,4160000.0
14/04/2020,2130.0,2160.0,-30.0,-0.0138888889,2160.0,2160.0,2070.0,46570.0,98000000.0,0.0,0.0,46570.0,98000000.0,-520.0,0.0,0.0,340.0,-1110600.0,0.0,0.0,734400.0
13/04/2020,2160.0,2160.0,0.0,0.0,2150.0,2170.0,2110.0,13300.0,29000000.0,0.0,0.0,13300.0,29000000.0,0.0,0.0,0.0,0.0,0.0,0.0,0.0,0.0
10/04/2020,2160.0,2130.0,30.0,0.014084507,2130.0,2170.0,2100.0,64100.0,137000000.0,0.0,0.0,64100.0,137000000.0,-19900.0,0.0,0.0,19900.0,-42387000.0,0.0,0.0,42387000.0
09/04/2020,2130.0,2100.0,30.0,0.0142857143,2110.0,2150.0,2080.0,53100.0,110572400.0,0.0,0.0,53100.0,110572400.0,0.0,0.0,0.0,0.0,0.0,0.0,0.0,0.0
08/04/2020,2100.0,2100.0,0.0,0.0,2090.0,2100.0,2060.0,22600.0,47400400.0,0.0,0.0,22600.0,47400400.0,0.0,0.0,0.0,0.0,0.0,0.0,0.0,0.0
07/04/2020,2100.0,2150.0,-50.0,-0.023255814,2100.0,2110.0,2020.0,31010.0,64257700.0,0.0,0.0,31010.0,64257700.0,-10.0,0.0,0.0,10.0,-20300.0,0.0,0.0,20300.0
06/04/2020,2150.0,2020.0,130.0,0.0643564356,2020.0,2150.0,2000.0,62750.0,132389200.0,0.0,0.0,62750.0,132389200.0,0.0,0.0,0.0,0.0,0.0,0.0,0.0,0.0
03/04/2020,2020.0,2040.0,-20.0,-0.0098039216,2030.0,2030.0,2000.0,41600.0,84000000.0,0.0,0.0,41600.0,84000000.0,-10.0,0.0,0.0,0.0,-20300.0,0.0,0.0,0.0
01/04/2020,2040.0,2050.0,-10.0,-0.0048780488,2050.0,2050.0,2000.0,27080.0,55000000.0,0.0,0.0,27080.0,55000000.0,-100.0,0.0,0.0,0.0,-200000.0,0.0,0.0,0.0
31/03/2020,2050.0,2050.0,0.0,0.0,1960.0,2050.0,1960.0,32040.0,66000000.0,0.0,0.0,32040.0,66000000.0,20.0,-20.0,-20.0,0.0,39200.0,-39200.0,-39200.0,0.0
30/03/2020,2050.0,2040.0,10.0,0.0049019608,1950.0,2050.0,1920.0,38840.0,77000000.0,0.0,0.0,38840.0,77000000.0,0.0,0.0,0.0,0.0,0.0,0.0,0.0,0.0
27/03/2020,2040.0,2050.0,-10.0,-0.0048780488,2000.0,2040.0,1950.0,58610.0,117000000.0,0.0,0.0,58610.0,117000000.0,40000.0,0.0,0.0,-40000.0,80000000.0,0.0,0.0,-80000000.0
26/03/2020,2050.0,2070.0,-20.0,-0.0096618357,2000.0,2050.0,2000.0,220.0,450000.0,0.0,0.0,220.0,450000.0,0.0,0.0,0.0,0.0,0.0,0.0,0.0,0.0
25/03/2020,2070.0,2080.0,-10.0,-0.0048076923,2080.0,2080.0,2070.0,19640.0,41000000.0,0.0,0.0,19640.0,41000000.0,0.0,0.0,0.0,0.0,0.0,0.0,0.0,0.0
24/03/2020,2080.0,2100.0,-20.0,-0.0095238095,2080.0,2080.0,1970.0,79570.0,160000000.0,0.0,0.0,79570.0,160000000.0,5000.0,0.0,0.0,-5000.0,10000000.0,0.0,0.0,-10000000.0
23/03/2020,2100.0,2230.0,-130.0,-0.0582959641,2230.0,2230.0,2080.0,82420.0,171000000.0,0.0,0.0,82420.0,171000000.0,0.0,0.0,0.0,0.0,0.0,0.0,0.0,0.0
20/03/2020,2230.0,2250.0,-20.0,-0.0088888889,2250.0,2250.0,2190.0,16130.0,36000000.0,0.0,0.0,16130.0,36000000.0,-10.0,0.0,0.0,0.0,-21900.0,0.0,0.0,0.0
19/03/2020,2250.0,2300.0,-50.0,-0.0217391304,2210.0,2270.0,2140.0,254770.0,553000000.0,0.0,0.0,254770.0,553000000.0,-26070.0,0.0,0.0,17840.0,-57072100.0,0.0,0.0,39423700.0
18/03/2020,2300.0,2300.0,0.0,0.0,2300.0,2340.0,2250.0,19090.0,44000000.0,0.0,0.0,19090.0,44000000.0,-40.0,0.0,0.0,10.0,-91500.0,0.0,0.0,22500.0
17/03/2020,2300.0,2330.0,-30.0,-0.0128755365,2330.0,2330.0,2210.0,47600.0,106000000.0,0.0,0.0,47600.0,106000000.0,0.0,0.0,0.0,0.0,0.0,0.0,0.0,0.0
16/03/2020,2330.0,2280.0,50.0,0.0219298246,2170.0,2380.0,2170.0,51320.0,122000000.0,0.0,0.0,51320.0,122000000.0,0.0,0.0,0.0,0.0,0.0,0.0,0.0,0.0
13/03/2020,2280.0,2160.0,120.0,0.0555555556,2020.0,2300.0,2020.0,46160.0,101000000.0,0.0,0.0,46160.0,101000000.0,14500.0,0.0,0.0,-14500.0,31801200.0,0.0,0.0,-31801200.0
12/03/2020,2160.0,2320.0,-160.0,-0.0689655172,2180.0,2210.0,2160.0,135930.0,295000000.0,0.0,0.0,135930.0,295000000.0,20450.0,0.0,0.0,-20510.0,44659900.0,0.0,0.0,-44790300.0
11/03/2020,2320.0,2300.0,20.0,0.0086956522,2320.0,2320.0,2300.0,90620.0,209000000.0,0.0,0.0,90620.0,209000000.0,-310.0,0.0,0.0,0.0,-719000.0,0.0,0.0,0.0
10/03/2020,2300.0,2470.0,-170.0,-0.0688259109,2450.0,2450.0,2300.0,360900.0,837000000.0,0.0,0.0,360900.0,837000000.0,-2390.0,0.0,0.0,890.0,-5829900.0,0.0,0.0,2364900.0
09/03/2020,2470.0,2550.0,-80.0,-0.031372549,2550.0,2550.0,2380.0,144600.0,351000000.0,0.0,0.0,144600.0,351000000.0,10500.0,0.0,0.0,-10500.0,24383800.0,0.0,0.0,-24383800.0
06/03/2020,2550.0,2580.0,-30.0,-0.011627907,2570.0,2580.0,2540.0,7720.0,20000000.0,0.0,0.0,7720.0,20000000.0,0.0,0.0,0.0,0.0,0.0,0.0,0.0,0.0
05/03/2020,2580.0,2580.0,0.0,0.0,2580.0,2580.0,2540.0,38650.0,99000000.0,0.0,0.0,38650.0,99000000.0,-10.0,0.0,0.0,10.0,-25500.0,0.0,0.0,25500.0
04/03/2020,2580.0,2590.0,-10.0,-0.0038610039,2580.0,2580.0,2540.0,16890.0,43000000.0,0.0,0.0,16890.0,43000000.0,-2340.0,0.0,0.0,0.0,-5966500.0,0.0,0.0,0.0
03/03/2020,2590.0,2590.0,0.0,0.0,2560.0,2610.0,2550.0,31530.0,81000000.0,0.0,0.0,31530.0,81000000.0,-1010.0,0.0,0.0,10.0,-2575500.0,0.0,0.0,25500.0
02/03/2020,2590.0,2590.0,0.0,0.0,2590.0,2590.0,2550.0,7100.0,18000000.0,0.0,0.0,7100.0,18000000.0,0.0,0.0,0.0,0.0,0.0,0.0,0.0,0.0
28/02/2020,2590.0,2620.0,-30.0,-0.0114503817,2610.0,2610.0,2570.0,3350.0,9000000.0,0.0,0.0,3350.0,9000000.0,280.0,0.0,0.0,-280.0,722400.0,0.0,0.0,-722400.0
27/02/2020,2620.0,2620.0,0.0,0.0,2610.0,2620.0,2580.0,2870.0,7000000.0,0.0,0.0,2870.0,7000000.0,0.0,0.0,0.0,0.0,0.0,0.0,0.0,0.0
26/02/2020,2620.0,2600.0,20.0,0.0076923077,2600.0,2620.0,2530.0,9470.0,25000000.0,0.0,0.0,9470.0,25000000.0,0.0,0.0,0.0,0.0,0.0,0.0,0.0,0.0
25/02/2020,2600.0,2600.0,0.0,0.0,2590.0,2600.0,2570.0,12690.0,33000000.0,0.0,0.0,12690.0,33000000.0,3000.0,0.0,0.0,-3000.0,7799900.0,0.0,0.0,-7799900.0
24/02/2020,2600.0,2620.0,-20.0,-0.0076335878,2580.0,2610.0,2530.0,8020.0,21000000.0,0.0,0.0,8020.0,21000000.0,0.0,0.0,0.0,0.0,0.0,0.0,0.0,0.0
21/02/2020,2620.0,2630.0,-10.0,-0.0038022814,2630.0,2630.0,2620.0,10070.0,26000000.0,0.0,0.0,10070.0,26000000.0,0.0,0.0,0.0,0.0,0.0,0.0,0.0,0.0
20/02/2020,2630.0,2640.0,-10.0,-0.0037878788,2630.0,2630.0,2600.0,6100.0,16000000.0,0.0,0.0,6100.0,16000000.0,0.0,0.0,0.0,0.0,0.0,0.0,0.0,0.0
19/02/2020,2640.0,2620.0,20.0,0.0076335878,2610.0,2640.0,2600.0,28930.0,75000000.0,0.0,0.0,28930.0,75000000.0,0.0,0.0,0.0,0.0,0.0,0.0,0.0,0.0
18/02/2020,2620.0,2630.0,-10.0,-0.0038022814,2620.0,2620.0,2600.0,530.0,1000000.0,0.0,0.0,530.0,1000000.0,0.0,0.0,0.0,0.0,0.0,0.0,0.0,0.0
17/02/2020,2630.0,2640.0,-10.0,-0.0037878788,2640.0,2640.0,2610.0,3590.0,9000000.0,0.0,0.0,3590.0,9000000.0,0.0,0.0,0.0,0.0,0.0,0.0,0.0,0.0
14/02/2020,2640.0,2680.0,-40.0,-0.0149253731,2670.0,2670.0,2640.0,930.0,2000000.0,0.0,0.0,930.0,2000000.0,0.0,0.0,0.0,0.0,0.0,0.0,0.0,0.0
13/02/2020,2680.0,2650.0,30.0,0.0113207547,2650.0,2700.0,2600.0,30110.0,80000000.0,0.0,0.0,30110.0,80000000.0,0.0,0.0,0.0,0.0,0.0,0.0,0.0,0.0
12/02/2020,2650.0,2650.0,0.0,0.0,2610.0,2650.0,2600.0,8110.0,21000000.0,0.0,0.0,8110.0,21000000.0,0.0,0.0,0.0,0.0,0.0,0.0,0.0,0.0
11/02/2020,2650.0,2650.0,0.0,0.0,2600.0,2650.0,2600.0,183390.0,479000000.0,0.0,0.0,183390.0,479000000.0,-10.0,0.0,0.0,10.0,-26400.0,0.0,0.0,26400.0
10/02/2020,2650.0,2700.0,-50.0,-0.0185185185,2560.0,2650.0,2530.0,11750.0,30000000.0,0.0,0.0,11750.0,30000000.0,-10.0,0.0,0.0,10.0,-26500.0,0.0,0.0,26500.0
07/02/2020,2700.0,2650.0,50.0,0.0188679245,2600.0,2700.0,2600.0,14810.0,40000000.0,0.0,0.0,14810.0,40000000.0,0.0,0.0,0.0,0.0,0.0,0.0,0.0,0.0
06/02/2020,2650.0,2580.0,70.0,0.0271317829,2580.0,2650.0,2510.0,85120.0,221000000.0,0.0,0.0,85120.0,221000000.0,0.0,0.0,0.0,0.0,0.0,0.0,0.0,0.0
05/02/2020,2580.0,2590.0,-10.0,-0.0038610039,2550.0,2580.0,2550.0,2530.0,7000000.0,0.0,0.0,2530.0,7000000.0,0.0,0.0,0.0,0.0,0.0,0.0,0.0,0.0
04/02/2020,2590.0,2600.0,-10.0,-0.0038461538,2590.0,2590.0,2500.0,16530.0,42000000.0,0.0,0.0,16530.0,42000000.0,0.0,0.0,0.0,0.0,0.0,0.0,0.0,0.0
03/02/2020,2600.0,2650.0,-50.0,-0.0188679245,2650.0,2650.0,2480.0,101110.0,258000000.0,0.0,0.0,101110.0,258000000.0,0.0,0.0,0.0,0.0,0.0,0.0,0.0,0.0
31/01/2020,2650.0,2680.0,-30.0,-0.0111940299,2680.0,2680.0,2560.0,5550.0,15000000.0,0.0,0.0,5550.0,15000000.0,0.0,0.0,0.0,0.0,0.0,0.0,0.0,0.0
30/01/2020,2680.0,2700.0,-20.0,-0.0074074074,2700.0,2700.0,2650.0,8250.0,22000000.0,0.0,0.0,8250.0,22000000.0,20.0,-20.0,-20.0,0.0,53000.0,-53000.0,-53000.0,0.0
22/01/2020,2700.0,2640.0,60.0,0.0227272727,2640.0,2700.0,2610.0,14380.0,39000000.0,0.0,0.0,14380.0,39000000.0,0.0,0.0,0.0,0.0,0.0,0.0,0.0,0.0
21/01/2020,2640.0,2600.0,40.0,0.0153846154,2600.0,2640.0,2600.0,41330.0,108000000.0,0.0,0.0,41330.0,108000000.0,-4000.0,0.0,0.0,4000.0,-10400000.0,0.0,0.0,10400000.0
20/01/2020,2600.0,2710.0,-110.0,-0.0405904059,2600.0,2600.0,2600.0,90870.0,236000000.0,0.0,0.0,90870.0,236000000.0,0.0,0.0,0.0,0.0,0.0,0.0,0.0,0.0
17/01/2020,2710.0,2730.0,-20.0,-0.0073260073,2660.0,2710.0,2650.0,20930.0,56000000.0,0.0,0.0,20930.0,56000000.0,0.0,0.0,0.0,0.0,0.0,0.0,0.0,0.0
16/01/2020,2730.0,2730.0,0.0,0.0,2740.0,2740.0,2670.0,4850.0,13000000.0,0.0,0.0,4850.0,13000000.0,430.0,0.0,0.0,-430.0,1148100.0,0.0,0.0,-1148100.0
15/01/2020,2730.0,2740.0,-10.0,-0.003649635,2730.0,2740.0,2680.0,3370.0,9000000.0,0.0,0.0,3370.0,9000000.0,0.0,0.0,0.0,0.0,0.0,0.0,0.0,0.0
14/01/2020,2740.0,2700.0,40.0,0.0148148148,2670.0,2740.0,2610.0,33140.0,89000000.0,0.0,0.0,33140.0,89000000.0,0.0,0.0,0.0,0.0,0.0,0.0,0.0,0.0
13/01/2020,2700.0,2750.0,-50.0,-0.0181818182,2740.0,2740.0,2700.0,11400.0,31000000.0,0.0,0.0,11400.0,31000000.0,0.0,0.0,0.0,0.0,0.0,0.0,0.0,0.0
10/01/2020,2750.0,2740.0,10.0,0.003649635,2730.0,2750.0,2640.0,25730.0,70000000.0,0.0,0.0,25730.0,70000000.0,0.0,0.0,0.0,0.0,0.0,0.0,0.0,0.0
09/01/2020,2740.0,2700.0,40.0,0.0148148148,2690.0,2740.0,2620.0,38200.0,103000000.0,0.0,0.0,38200.0,103000000.0,0.0,0.0,0.0,0.0,0.0,0.0,0.0,0.0
08/01/2020,2700.0,2670.0,30.0,0.0112359551,2700.0,2700.0,2630.0,2400.0,6000000.0,0.0,0.0,2400.0,6000000.0,0.0,0.0,0.0,0.0,0.0,0.0,0.0,0.0
07/01/2020,2670.0,2690.0,-20.0,-0.0074349442,2800.0,2800.0,2660.0,144080.0,403000000.0,0.0,0.0,144080.0,403000000.0,0.0,0.0,0.0,0.0,0.0,0.0,0.0,0.0
06/01/2020,2690.0,2700.0,-10.0,-0.0037037037,2600.0,2690.0,2560.0,25090.0,67000000.0,0.0,0.0,25090.0,67000000.0,0.0,0.0,0.0,0.0,0.0,0.0,0.0,0.0
03/01/2020,2700.0,2790.0,-90.0,-0.0322580645,2700.0,2710.0,2700.0,1430.0,4000000.0,0.0,0.0,1430.0,4000000.0,100.0,0.0,0.0,-100.0,270000.0,0.0,0.0,-270000.0
02/01/2020,2790.0,2840.0,-50.0,-0.0176056338,2820.0,2820.0,2680.0,10150.0,28000000.0,0.0,0.0,10150.0,28000000.0,-170.0,0.0,0.0,0.0,-479400.0,0.0,0.0,0.0
31/12/2019,2840.0,2660.0,180.0,0.0676691729,2660.0,2840.0,2590.0,49750.0,140000000.0,0.0,0.0,49750.0,140000000.0,0.0,0.0,0.0,0.0,0.0,0.0,0.0,0.0
30/12/2019,2660.0,2700.0,-40.0,-0.0148148148,2700.0,2700.0,2620.0,19020.0,51000000.0,0.0,0.0,19020.0,51000000.0,0.0,0.0,0.0,0.0,0.0,0.0,0.0,0.0
27/12/2019,2700.0,2610.0,90.0,0.0344827586,2600.0,2700.0,2590.0,25140.0,67000000.0,0.0,0.0,25140.0,67000000.0,0.0,0.0,0.0,0.0,0.0,0.0,0.0,0.0
26/12/2019,2610.0,2620.0,-10.0,-0.0038167939,2610.0,2620.0,2600.0,19310.0,50000000.0,0.0,0.0,19310.0,50000000.0,0.0,0.0,0.0,0.0,0.0,0.0,0.0,0.0
25/12/2019,2620.0,2630.0,-10.0,-0.0038022814,2600.0,2630.0,2560.0,32440.0,85000000.0,0.0,0.0,32440.0,85000000.0,0.0,0.0,0.0,0.0,0.0,0.0,0.0,0.0
24/12/2019,2630.0,2630.0,0.0,0.0,2610.0,2630.0,2600.0,2870.0,8000000.0,0.0,0.0,2870.0,8000000.0,0.0,0.0,0.0,0.0,0.0,0.0,0.0,0.0
23/12/2019,2630.0,2620.0,10.0,0.0038167939,2640.0,2640.0,2600.0,30560.0,80000000.0,0.0,0.0,30560.0,80000000.0,0.0,0.0,0.0,0.0,0.0,0.0,0.0,0.0
20/12/2019,2620.0,2640.0,-20.0,-0.0075757576,2630.0,2630.0,2610.0,18630.0,49000000.0,0.0,0.0,18630.0,49000000.0,0.0,0.0,0.0,0.0,0.0,0.0,0.0,0.0
19/12/2019,2640.0,2620.0,20.0,0.0076335878,2650.0,2650.0,2600.0,12120.0,32000000.0,0.0,0.0,12120.0,32000000.0,0.0,0.0,0.0,0.0,0.0,0.0,0.0,0.0
18/12/2019,2620.0,2640.0,-20.0,-0.0075757576,2630.0,2630.0,2600.0,2250.0,6000000.0,0.0,0.0,2250.0,6000000.0,-800.0,0.0,0.0,800.0,-2104000.0,0.0,0.0,2104000.0
17/12/2019,2640.0,2620.0,20.0,0.0076335878,2640.0,2650.0,2570.0,37800.0,99000000.0,0.0,0.0,37800.0,99000000.0,0.0,0.0,0.0,0.0,0.0,0.0,0.0,0.0
16/12/2019,2620.0,2590.0,30.0,0.0115830116,2590.0,2630.0,2530.0,24580.0,63000000.0,0.0,0.0,24580.0,63000000.0,-7500.0,0.0,0.0,7500.0,-18975000.0,0.0,0.0,18975000.0
13/12/2019,2590.0,2550.0,40.0,0.0156862745,2550.0,2590.0,2510.0,19550.0,50000000.0,0.0,0.0,19550.0,50000000.0,0.0,0.0,0.0,0.0,0.0,0.0,0.0,0.0
12/12/2019,2550.0,2540.0,10.0,0.0039370079,2540.0,2550.0,2500.0,13200.0,33000000.0,0.0,0.0,13200.0,33000000.0,-6000.0,0.0,0.0,6000.0,-15000000.0,0.0,0.0,15000000.0
11/12/2019,2540.0,2530.0,10.0,0.0039525692,2540.0,2540.0,2500.0,25760.0,65000000.0,0.0,0.0,25760.0,65000000.0,0.0,0.0,0.0,0.0,0.0,0.0,0.0,0.0
10/12/2019,2530.0,2550.0,-20.0,-0.0078431373,2560.0,2560.0,2520.0,430.0,1000000.0,0.0,0.0,430.0,1000000.0,0.0,0.0,0.0,0.0,0.0,0.0,0.0,0.0
09/12/2019,2550.0,2550.0,0.0,0.0,2560.0,2560.0,2520.0,29430.0,74000000.0,0.0,0.0,29430.0,74000000.0,-140.0,0.0,0.0,0.0,-357000.0,0.0,0.0,0.0
06/12/2019,2550.0,2570.0,-20.0,-0.0077821012,2500.0,2550.0,2500.0,4140.0,10000000.0,0.0,0.0,4140.0,10000000.0,0.0,0.0,0.0,0.0,0.0,0.0,0.0,0.0
05/12/2019,2570.0,2570.0,0.0,0.0,2600.0,2600.0,2540.0,10710.0,27000000.0,0.0,0.0,10710.0,27000000.0,-30.0,0.0,0.0,0.0,-78000.0,0.0,0.0,0.0
04/12/2019,2570.0,2580.0,-10.0,-0.003875969,2520.0,2570.0,2500.0,56260.0,143000000.0,0.0,0.0,56260.0,143000000.0,0.0,0.0,0.0,0.0,0.0,0.0,0.0,0.0
03/12/2019,2580.0,2600.0,-20.0,-0.0076923077,2510.0,2590.0,2510.0,16630.0,42000000.0,0.0,0.0,16630.0,42000000.0,0.0,0.0,0.0,0.0,0.0,0.0,0.0,0.0
02/12/2019,2600.0,2610.0,-10.0,-0.0038314176,2630.0,2630.0,2590.0,5500.0,14000000.0,0.0,0.0,5500.0,14000000.0,0.0,0.0,0.0,0.0,0.0,0.0,0.0,0.0
29/11/2019,2610.0,2610.0,0.0,0.0,2630.0,2630.0,2600.0,610.0,2000000.0,0.0,0.0,610.0,2000000.0,0.0,0.0,0.0,0.0,0.0,0.0,0.0,0.0
28/11/2019,2610.0,2610.0,0.0,0.0,2610.0,2620.0,2580.0,25290.0,66000000.0,0.0,0.0,25290.0,66000000.0,0.0,0.0,0.0,0.0,0.0,0.0,0.0,0.0
27/11/2019,2610.0,2610.0,0.0,0.0,2560.0,2610.0,2560.0,9840.0,26000000.0,0.0,0.0,9840.0,26000000.0,-20.0,0.0,0.0,0.0,-52200.0,0.0,0.0,0.0
26/11/2019,2610.0,2610.0,0.0,0.0,2610.0,2610.0,2600.0,15030.0,39000000.0,0.0,0.0,15030.0,39000000.0,400.0,0.0,0.0,-400.0,1044000.0,0.0,0.0,-1044000.0
25/11/2019,2610.0,2610.0,0.0,0.0,2630.0,2630.0,2610.0,7960.0,21000000.0,0.0,0.0,7960.0,21000000.0,20.0,0.0,0.0,-20.0,52400.0,0.0,0.0,-52400.0
22/11/2019,2610.0,2630.0,-20.0,-0.0076,2640.0,2660.0,2600.0,94810.0,247000000.0,0.0,0.0,94810.0,247000000.0,0.0,0.0,0.0,0.0,0.0,0.0,0.0,0.0
21/11/2019,2630.0,2680.0,-50.0,-0.0186567164,2630.0,2680.0,2630.0,67980.0,179000000.0,0.0,0.0,67980.0,179000000.0,0.0,0.0,0.0,0.0,0.0,0.0,0.0,0.0
20/11/2019,2680.0,2670.0,10.0,0.0037453184,2620.0,2680.0,2620.0,7700.0,20000000.0,0.0,0.0,7700.0,20000000.0,0.0,0.0,0.0,0.0,0.0,0.0,0.0,0.0
19/11/2019,2670.0,2690.0,-20.0,-0.0074349442,2690.0,2690.0,2670.0,5050.0,13000000.0,0.0,0.0,5050.0,13000000.0,0.0,0.0,0.0,0.0,0.0,0.0,0.0,0.0
18/11/2019,2690.0,2700.0,-10.0,-0.0037037037,2680.0,2710.0,2600.0,85060.0,224000000.0,0.0,0.0,85060.0,224000000.0,0.0,0.0,0.0,0.0,0.0,0.0,0.0,0.0
15/11/2019,2700.0,2660.0,40.0,0.015037594,2660.0,2700.0,2640.0,16130.0,43000000.0,0.0,0.0,16130.0,43000000.0,0.0,0.0,0.0,0.0,0.0,0.0,0.0,0.0
14/11/2019,2660.0,2670.0,-10.0,-0.0037453184,2670.0,2700.0,2660.0,67180.0,180000000.0,0.0,0.0,67180.0,180000000.0,0.0,0.0,0.0,0.0,0.0,0.0,0.0,0.0
13/11/2019,2670.0,2710.0,-40.0,-0.0147601476,2690.0,2700.0,2630.0,9200.0,25000000.0,0.0,0.0,9200.0,25000000.0,-50.0,0.0,0.0,0.0,-133500.0,0.0,0.0,0.0
12/11/2019,2710.0,2710.0,0.0,0.0,2770.0,2770.0,2620.0,370.0,1000000.0,0.0,0.0,370.0,1000000.0,0.0,0.0,0.0,0.0,0.0,0.0,0.0,0.0
11/11/2019,2710.0,2720.0,-10.0,-0.0036764706,2720.0,2720.0,2620.0,12090.0,33000000.0,0.0,0.0,12090.0,33000000.0,0.0,0.0,0.0,0.0,0.0,0.0,0.0,0.0
08/11/2019,2720.0,2680.0,40.0,0.0149253731,2630.0,2720.0,2600.0,36180.0,96000000.0,0.0,0.0,36180.0,96000000.0,-4720.0,0.0,0.0,0.0,-12243000.0,0.0,0.0,0.0
07/11/2019,2680.0,2720.0,-40.0,-0.0147058824,2650.0,2700.0,2630.0,40810.0,109000000.0,0.0,0.0,40810.0,109000000.0,-120.0,0.0,0.0,0.0,-315600.0,0.0,0.0,0.0
06/11/2019,2720.0,2670.0,50.0,0.0187265918,2670.0,2780.0,2660.0,8640.0,23000000.0,0.0,0.0,8640.0,23000000.0,-10.0,0.0,0.0,0.0,-26900.0,0.0,0.0,0.0
05/11/2019,2670.0,2700.0,-30.0,-0.0111111111,2630.0,2670.0,2620.0,8710.0,23000000.0,0.0,0.0,8710.0,23000000.0,10.0,-10.0,-10.0,0.0,26300.0,-26300.0,-26300.0,0.0
04/11/2019,2700.0,2700.0,0.0,0.0,2680.0,2700.0,2680.0,1900.0,5000000.0,0.0,0.0,1900.0,5000000.0,0.0,0.0,0.0,0.0,0.0,0.0,0.0,0.0
01/11/2019,2700.0,2720.0,-20.0,-0.0073529412,2700.0,2710.0,2640.0,2600.0,7000000.0,0.0,0.0,2600.0,7000000.0,290.0,0.0,0.0,-290.0,783000.0,0.0,0.0,-783000.0
31/10/2019,2720.0,2710.0,10.0,0.0036900369,2630.0,2720.0,2630.0,5020.0,14000000.0,0.0,0.0,5020.0,14000000.0,0.0,0.0,0.0,0.0,0.0,0.0,0.0,0.0
30/10/2019,2710.0,2720.0,-10.0,-0.0036764706,2710.0,2720.0,2600.0,109380.0,287000000.0,0.0,0.0,109380.0,287000000.0,400.0,0.0,0.0,-500.0,1087000.0,0.0,0.0,-1355000.0
29/10/2019,2720.0,2720.0,0.0,0.0,2710.0,2780.0,2670.0,35010.0,94000000.0,0.0,0.0,35010.0,94000000.0,-2000.0,0.0,0.0,0.0,-5380000.0,0.0,0.0,0.0
28/10/2019,2720.0,2720.0,0.0,0.0,2720.0,2750.0,2700.0,38460.0,105455200.0,0.0,0.0,38460.0,105455200.0,-200.0,0.0,0.0,200.0,-544000.0,0.0,0.0,544000.0
25/10/2019,2720.0,2750.0,-30.0,-0.0109090909,2790.0,2790.0,2690.0,21340.0,58000000.0,0.0,0.0,21340.0,58000000.0,0.0,0.0,0.0,0.0,0.0,0.0,0.0,0.0
24/10/2019,2750.0,2770.0,-20.0,-0.0072202166,2750.0,2750.0,2690.0,31570.0,86000000.0,0.0,0.0,31570.0,86000000.0,0.0,0.0,0.0,0.0,0.0,0.0,0.0,0.0
23/10/2019,2770.0,2900.0,-130.0,-0.0448275862,2880.0,2900.0,2760.0,46230.0,129000000.0,0.0,0.0,46230.0,129000000.0,-160.0,0.0,0.0,160.0,-444800.0,0.0,0.0,444800.0
22/10/2019,2900.0,2900.0,0.0,0.0,2920.0,2920.0,2880.0,37350.0,108000000.0,0.0,0.0,37350.0,108000000.0,-2650.0,0.0,0.0,2650.0,-7745000.0,0.0,0.0,7745000.0
21/10/2019,2900.0,2800.0,100.0,0.0357142857,2800.0,2900.0,2790.0,192020.0,548000000.0,0.0,0.0,192020.0,548000000.0,20600.0,0.0,0.0,-20600.0,59340000.0,0.0,0.0,-59340000.0
18/10/2019,2800.0,2620.0,180.0,0.0687022901,2610.0,2800.0,2560.0,183130.0,500000000.0,0.0,0.0,183130.0,500000000.0,-70.0,0.0,0.0,70.0,-181000.0,0.0,0.0,181000.0
17/10/2019,2620.0,2610.0,10.0,0.0038314176,2600.0,2650.0,2600.0,1080.0,3000000.0,0.0,0.0,1080.0,3000000.0,-720.0,0.0,0.0,720.0,-1881000.0,0.0,0.0,1881000.0
16/10/2019,2610.0,2510.0,100.0,0.0398406375,2510.0,2680.0,2510.0,31010.0,80000000.0,0.0,0.0,31010.0,80000000.0,0.0,0.0,0.0,0.0,0.0,0.0,0.0,0.0
15/10/2019,2510.0,2520.0,-10.0,-0.003968254,2530.0,2530.0,2500.0,16940.0,42000000.0,0.0,0.0,16940.0,42000000.0,0.0,0.0,0.0,0.0,0.0,0.0,0.0,0.0
14/10/2019,2520.0,2510.0,10.0,0.0039840637,2480.0,2530.0,2480.0,16150.0,40000000.0,0.0,0.0,16150.0,40000000.0,0.0,0.0,0.0,0.0,0.0,0.0,0.0,0.0
11/10/2019,2510.0,2510.0,0.0,0.0,2520.0,2520.0,2490.0,940.0,2000000.0,0.0,0.0,940.0,2000000.0,0.0,0.0,0.0,0.0,0.0,0.0,0.0,0.0
10/10/2019,2510.0,2520.0,-10.0,-0.003968254,2480.0,2510.0,2480.0,6560.0,16000000.0,0.0,0.0,6560.0,16000000.0,0.0,0.0,0.0,0.0,0.0,0.0,0.0,0.0
09/10/2019,2520.0,2530.0,-10.0,-0.0039525692,2500.0,2530.0,2490.0,22280.0,56000000.0,0.0,0.0,22280.0,56000000.0,0.0,0.0,0.0,0.0,0.0,0.0,0.0,0.0
08/10/2019,2530.0,2530.0,0.0,0.0,2500.0,2530.0,2500.0,21670.0,54000000.0,0.0,0.0,21670.0,54000000.0,0.0,0.0,0.0,0.0,0.0,0.0,0.0,0.0
07/10/2019,2530.0,2520.0,10.0,0.003968254,2520.0,2580.0,2500.0,3690.0,9000000.0,0.0,0.0,3690.0,9000000.0,-10.0,0.0,0.0,0.0,-25300.0,0.0,0.0,0.0
04/10/2019,2520.0,2530.0,-10.0,-0.0039525692,2500.0,2520.0,2500.0,8150.0,20000000.0,0.0,0.0,8150.0,20000000.0,0.0,0.0,0.0,0.0,0.0,0.0,0.0,0.0
03/10/2019,2530.0,2530.0,0.0,0.0,2500.0,2530.0,2460.0,43220.0,109000000.0,0.0,0.0,43220.0,109000000.0,0.0,0.0,0.0,0.0,0.0,0.0,0.0,0.0
02/10/2019,2530.0,2550.0,-20.0,-0.0078431373,2520.0,2530.0,2480.0,7120.0,18000000.0,0.0,0.0,7120.0,18000000.0,0.0,0.0,0.0,0.0,0.0,0.0,0.0,0.0
01/10/2019,2550.0,2500.0,50.0,0.02,2500.0,2550.0,2480.0,12350.0,31000000.0,0.0,0.0,12350.0,31000000.0,0.0,0.0,0.0,0.0,0.0,0.0,0.0,0.0
30/09/2019,2500.0,2520.0,-20.0,-0.0079365079,2520.0,2520.0,2500.0,22680.0,57000000.0,0.0,0.0,22680.0,57000000.0,0.0,0.0,0.0,0.0,0.0,0.0,0.0,0.0
27/09/2019,2520.0,2520.0,0.0,0.0,2490.0,2520.0,2490.0,69110.0,174000000.0,0.0,0.0,69110.0,174000000.0,0.0,0.0,0.0,0.0,0.0,0.0,0.0,0.0
26/09/2019,2520.0,2520.0,0.0,0.0,2520.0,2520.0,2480.0,7370.0,18000000.0,0.0,0.0,7370.0,18000000.0,0.0,0.0,0.0,0.0,0.0,0.0,0.0,0.0
25/09/2019,2520.0,2520.0,0.0,0.0,2540.0,2540.0,2500.0,7950.0,20000000.0,0.0,0.0,7950.0,20000000.0,0.0,0.0,0.0,0.0,0.0,0.0,0.0,0.0
24/09/2019,2520.0,2530.0,-10.0,-0.0039525692,2550.0,2550.0,2520.0,19260.0,49000000.0,0.0,0.0,19260.0,49000000.0,-2830.0,-10.0,-10.0,2840.0,-7159900.0,-25300.0,-25300.0,7185200.0
23/09/2019,2530.0,2520.0,0.0,0.0,2520.0,2550.0,2450.0,155660.0,389751300.0,0.0,0.0,155660.0,389751300.0,0.0,0.0,0.0,0.0,0.0,0.0,0.0,0.0
20/09/2019,2520.0,2570.0,-50.0,-0.0194552529,2550.0,2560.0,2520.0,19140.0,48000000.0,0.0,0.0,19140.0,48000000.0,0.0,0.0,0.0,0.0,0.0,0.0,0.0,0.0
19/09/2019,2570.0,2570.0,0.0,0.0,2540.0,2570.0,2530.0,4180.0,11000000.0,0.0,0.0,4180.0,11000000.0,-300.0,0.0,0.0,300.0,-762000.0,0.0,0.0,762000.0
18/09/2019,2570.0,2550.0,20.0,0.0078431373,2550.0,2570.0,2500.0,15100.0,38000000.0,0.0,0.0,15100.0,38000000.0,0.0,0.0,0.0,0.0,0.0,0.0,0.0,0.0
17/09/2019,2550.0,2550.0,0.0,0.0,2510.0,2550.0,2500.0,24340.0,61000000.0,0.0,0.0,24340.0,61000000.0,0.0,0.0,0.0,0.0,0.0,0.0,0.0,0.0
16/09/2019,2550.0,2600.0,-50.0,-0.0192307692,2540.0,2600.0,2540.0,18040.0,46000000.0,0.0,0.0,18040.0,46000000.0,0.0,0.0,0.0,0.0,0.0,0.0,0.0,0.0
13/09/2019,2600.0,2580.0,20.0,0.007751938,2540.0,2610.0,2530.0,42240.0,109000000.0,0.0,0.0,42240.0,109000000.0,0.0,0.0,0.0,0.0,0.0,0.0,0.0,0.0
12/09/2019,2580.0,2550.0,30.0,0.0117647059,2580.0,2580.0,2510.0,25970.0,67000000.0,0.0,0.0,25970.0,67000000.0,0.0,0.0,0.0,0.0,0.0,0.0,0.0,0.0
11/09/2019,2550.0,2520.0,30.0,0.0119047619,2520.0,2550.0,2520.0,13850.0,35000000.0,0.0,0.0,13850.0,35000000.0,-2000.0,0.0,0.0,2000.0,-5040000.0,0.0,0.0,5040000.0
10/09/2019,2520.0,2580.0,-60.0,-0.023255814,2560.0,2560.0,2520.0,17500.0,44000000.0,0.0,0.0,17500.0,44000000.0,0.0,0.0,0.0,0.0,0.0,0.0,0.0,0.0
09/09/2019,2580.0,2550.0,30.0,0.0117647059,2550.0,2580.0,2540.0,18740.0,48000000.0,0.0,0.0,18740.0,48000000.0,0.0,0.0,0.0,0.0,0.0,0.0,0.0,0.0
06/09/2019,2550.0,2600.0,-50.0,-0.0192307692,2580.0,2600.0,2550.0,19640.0,50000000.0,0.0,0.0,19640.0,50000000.0,250.0,0.0,0.0,0.0,643000.0,0.0,0.0,0.0
05/09/2019,2600.0,2600.0,0.0,0.0,2580.0,2630.0,2580.0,4450.0,12000000.0,0.0,0.0,4450.0,12000000.0,10.0,0.0,0.0,0.0,26000.0,0.0,0.0,0.0
04/09/2019,2600.0,2650.0,-50.0,-0.0188679245,2610.0,2630.0,2550.0,68590.0,178000000.0,0.0,0.0,68590.0,178000000.0,20.0,-20.0,-20.0,0.0,52000.0,-52000.0,-52000.0,0.0
03/09/2019,2650.0,2600.0,50.0,0.0192307692,2660.0,2660.0,2600.0,7720.0,20000000.0,0.0,0.0,7720.0,20000000.0,-250.0,0.0,0.0,0.0,-652500.0,0.0,0.0,0.0
30/08/2019,2600.0,2670.0,-70.0,-0.0262172285,2690.0,2690.0,2600.0,133350.0,351000000.0,0.0,0.0,133350.0,351000000.0,-5470.0,0.0,0.0,5500.0,-14594600.0,0.0,0.0,14675000.0
29/08/2019,2670.0,2670.0,0.0,0.0,2660.0,2680.0,2610.0,66220.0,174000000.0,0.0,0.0,66220.0,174000000.0,-8100.0,0.0,0.0,6000.0,-21423000.0,0.0,0.0,15900000.0
28/08/2019,2670.0,2670.0,0.0,0.0,2660.0,2670.0,2630.0,36650.0,97000000.0,0.0,0.0,36650.0,97000000.0,-3130.0,0.0,0.0,3000.0,-8233200.0,0.0,0.0,7890000.0
27/08/2019,2670.0,2720.0,-50.0,-0.0183823529,2680.0,2720.0,2630.0,129020.0,341000000.0,0.0,0.0,129020.0,341000000.0,-50.0,0.0,0.0,0.0,-132000.0,0.0,0.0,0.0
26/08/2019,2720.0,2740.0,-20.0,-0.0072992701,2750.0,2750.0,2650.0,212000.0,564000000.0,0.0,0.0,212000.0,564000000.0,-10.0,0.0,0.0,0.0,-26600.0,0.0,0.0,0.0
23/08/2019,2740.0,2730.0,10.0,0.0036630037,2710.0,2750.0,2660.0,123580.0,332000000.0,0.0,0.0,123580.0,332000000.0,0.0,0.0,0.0,0.0,0.0,0.0,0.0,0.0
22/08/2019,2730.0,2730.0,0.0,0.0,2780.0,2780.0,2690.0,19230.0,52000000.0,0.0,0.0,19230.0,52000000.0,-5200.0,0.0,0.0,5000.0,-13988000.0,0.0,0.0,13450000.0
21/08/2019,2730.0,2730.0,0.0,0.0,2710.0,2730.0,2690.0,91360.0,247000000.0,0.0,0.0,91360.0,247000000.0,-1000.0,0.0,0.0,1000.0,-2710000.0,0.0,0.0,2710000.0
20/08/2019,2730.0,2760.0,-30.0,-0.0108695652,2730.0,2730.0,2700.0,151890.0,411000000.0,0.0,0.0,151890.0,411000000.0,-6600.0,0.0,0.0,6600.0,-17852000.0,0.0,0.0,17852000.0
19/08/2019,2760.0,2810.0,-50.0,-0.0177935943,2750.0,2760.0,2730.0,60060.0,164000000.0,0.0,0.0,60060.0,164000000.0,0.0,0.0,0.0,0.0,0.0,0.0,0.0,0.0
16/08/2019,2810.0,2800.0,10.0,0.0035714286,2730.0,2810.0,2730.0,10510.0,30000000.0,0.0,0.0,10510.0,30000000.0,0.0,0.0,0.0,0.0,0.0,0.0,0.0,0.0
15/08/2019,2800.0,2820.0,-20.0,-0.0070921986,2760.0,2800.0,2700.0,20580.0,57000000.0,0.0,0.0,20580.0,57000000.0,0.0,0.0,0.0,0.0,0.0,0.0,0.0,0.0
14/08/2019,2820.0,2820.0,0.0,0.0,2830.0,2830.0,2720.0,49660.0,138000000.0,0.0,0.0,49660.0,138000000.0,-1900.0,0.0,0.0,1900.0,-5320000.0,0.0,0.0,5320000.0
13/08/2019,2820.0,2840.0,-20.0,-0.0070422535,2790.0,2830.0,2780.0,20370.0,57000000.0,0.0,0.0,20370.0,57000000.0,0.0,0.0,0.0,0.0,0.0,0.0,0.0,0.0
12/08/2019,2840.0,2840.0,0.0,0.0,2800.0,2840.0,2790.0,9500.0,27000000.0,0.0,0.0,9500.0,27000000.0,0.0,0.0,0.0,0.0,0.0,0.0,0.0,0.0
09/08/2019,2840.0,2840.0,0.0,0.0,2800.0,2840.0,2790.0,33010.0,93000000.0,0.0,0.0,33010.0,93000000.0,0.0,0.0,0.0,0.0,0.0,0.0,0.0,0.0
08/08/2019,2840.0,2860.0,-20.0,-0.006993007,2850.0,2850.0,2790.0,45010.0,126000000.0,0.0,0.0,45010.0,126000000.0,0.0,0.0,0.0,0.0,0.0,0.0,0.0,0.0
07/08/2019,2860.0,2830.0,30.0,0.0106007067,2820.0,2860.0,2770.0,107010.0,302000000.0,0.0,0.0,107010.0,302000000.0,0.0,0.0,0.0,0.0,0.0,0.0,0.0,0.0
06/08/2019,2830.0,2800.0,30.0,0.0107142857,2720.0,2830.0,2720.0,60910.0,171000000.0,0.0,0.0,60910.0,171000000.0,0.0,0.0,0.0,0.0,0.0,0.0,0.0,0.0
05/08/2019,2800.0,2800.0,0.0,0.0,2810.0,2810.0,2750.0,7200.0,20000000.0,0.0,0.0,7200.0,20000000.0,0.0,0.0,0.0,0.0,0.0,0.0,0.0,0.0
02/08/2019,2800.0,2750.0,50.0,0.0181818182,2700.0,2800.0,2700.0,2180.0,6000000.0,0.0,0.0,2180.0,6000000.0,-200.0,0.0,0.0,-100.0,-1200000.0,0.0,0.0,-277000.0
01/08/2019,2750.0,2800.0,-50.0,-0.0178571429,2720.0,2790.0,2720.0,46490.0,128000000.0,0.0,0.0,46490.0,128000000.0,-2000.0,0.0,0.0,2000.0,-5580000.0,0.0,0.0,5580000.0
31/07/2019,2800.0,2780.0,20.0,0.0071942446,2700.0,2800.0,2700.0,43240.0,119000000.0,0.0,0.0,43240.0,119000000.0,0.0,0.0,0.0,0.0,0.0,0.0,0.0,0.0
30/07/2019,2780.0,2780.0,0.0,0.0,2750.0,2780.0,2750.0,78710.0,217000000.0,0.0,0.0,78710.0,217000000.0,0.0,0.0,0.0,0.0,0.0,0.0,0.0,0.0
29/07/2019,2780.0,2790.0,-10.0,-0.0035842294,2820.0,2820.0,2780.0,13980.0,39000000.0,0.0,0.0,13980.0,39000000.0,0.0,0.0,0.0,0.0,0.0,0.0,0.0,0.0
26/07/2019,2790.0,2820.0,-30.0,-0.0106382979,2780.0,2830.0,2780.0,14480.0,40000000.0,0.0,0.0,14480.0,40000000.0,30.0,-20.0,-20.0,0.0,84000.0,-55900.0,-55900.0,0.0
25/07/2019,2820.0,2810.0,10.0,0.0035587189,2800.0,2820.0,2750.0,66770.0,186000000.0,0.0,0.0,66770.0,186000000.0,-2000.0,0.0,0.0,2000.0,-5620000.0,0.0,0.0,5620000.0
24/07/2019,2810.0,2860.0,-50.0,-0.0174825175,2780.0,2860.0,2780.0,32620.0,92000000.0,0.0,0.0,32620.0,92000000.0,-2000.0,0.0,0.0,2000.0,-5720000.0,0.0,0.0,5720000.0
23/07/2019,2860.0,2880.0,-20.0,-0.0069444444,2860.0,2870.0,2820.0,22560.0,64000000.0,0.0,0.0,22560.0,64000000.0,-10.0,0.0,0.0,0.0,-28600.0,0.0,0.0,0.0
22/07/2019,2880.0,2760.0,120.0,0.0434782609,2860.0,2880.0,2830.0,13370.0,38000000.0,0.0,0.0,13370.0,38000000.0,0.0,0.0,0.0,0.0,0.0,0.0,0.0,0.0
19/07/2019,2760.0,2870.0,-110.0,-0.0383275261,2850.0,2890.0,2760.0,101860.0,284000000.0,0.0,0.0,101860.0,284000000.0,0.0,0.0,0.0,0.0,0.0,0.0,0.0,0.0
18/07/2019,2870.0,2880.0,-10.0,-0.0034722222,2900.0,2900.0,2800.0,73630.0,207000000.0,0.0,0.0,73630.0,207000000.0,0.0,0.0,0.0,0.0,0.0,0.0,0.0,0.0
17/07/2019,2880.0,2900.0,-20.0,-0.0068965517,2880.0,2900.0,2850.0,124880.0,358000000.0,0.0,0.0,124880.0,358000000.0,-12750.0,0.0,0.0,7950.0,-36623500.0,0.0,0.0,22747500.0
16/07/2019,2900.0,2900.0,0.0,0.0,2950.0,2950.0,2880.0,22310.0,65000000.0,0.0,0.0,22310.0,65000000.0,0.0,0.0,0.0,0.0,0.0,0.0,0.0,0.0
15/07/2019,2900.0,2980.0,-80.0,-0.0268456376,2920.0,2950.0,2900.0,83430.0,243000000.0,0.0,0.0,83430.0,243000000.0,0.0,0.0,0.0,0.0,0.0,0.0,0.0,0.0
12/07/2019,2980.0,2990.0,-10.0,-0.0033444816,2990.0,2990.0,2910.0,46910.0,138000000.0,0.0,0.0,46910.0,138000000.0,-100.0,0.0,0.0,0.0,-294000.0,0.0,0.0,0.0
11/07/2019,2990.0,3000.0,-10.0,-0.0033333333,3000.0,3000.0,2900.0,106110.0,312000000.0,0.0,0.0,106110.0,312000000.0,-200.0,0.0,0.0,0.0,-582000.0,0.0,0.0,0.0
10/07/2019,3000.0,3030.0,-30.0,-0.0099009901,2930.0,3000.0,2900.0,193480.0,568000000.0,0.0,0.0,193480.0,568000000.0,0.0,0.0,0.0,0.0,0.0,0.0,0.0,0.0
09/07/2019,3030.0,3040.0,-10.0,-0.0032894737,2980.0,3040.0,2950.0,3330.0,10000000.0,0.0,0.0,3330.0,10000000.0,-2000.0,0.0,0.0,2000.0,-6077000.0,0.0,0.0,6077000.0
08/07/2019,3040.0,3040.0,0.0,0.0,2950.0,3040.0,2940.0,30230.0,89000000.0,0.0,0.0,30230.0,89000000.0,0.0,0.0,0.0,0.0,0.0,0.0,0.0,0.0
05/07/2019,3040.0,3050.0,-10.0,-0.0032786885,3050.0,3050.0,2980.0,63080.0,189000000.0,0.0,0.0,63080.0,189000000.0,0.0,0.0,0.0,0.0,0.0,0.0,0.0,0.0
04/07/2019,3050.0,3000.0,50.0,0.0166666667,3000.0,3050.0,2930.0,61870.0,186000000.0,0.0,0.0,61870.0,186000000.0,10.0,0.0,0.0,0.0,30000.0,0.0,0.0,0.0
03/07/2019,3000.0,3000.0,0.0,0.0,2990.0,3000.0,2870.0,76400.0,224000000.0,0.0,0.0,76400.0,224000000.0,0.0,0.0,0.0,0.0,0.0,0.0,0.0,0.0
02/07/2019,3000.0,3050.0,-50.0,-0.0163934426,3000.0,3040.0,2990.0,51340.0,154000000.0,0.0,0.0,51340.0,154000000.0,0.0,0.0,0.0,0.0,0.0,0.0,0.0,0.0
01/07/2019,3050.0,2910.0,140.0,0.0481099656,2980.0,3050.0,2970.0,106800.0,323000000.0,0.0,0.0,106800.0,323000000.0,-15060.0,0.0,0.0,0.0,-45929700.0,0.0,0.0,0.0
28/06/2019,2910.0,2890.0,20.0,0.0069204152,2820.0,2910.0,2800.0,123460.0,352000000.0,0.0,0.0,123460.0,352000000.0,-5000.0,0.0,0.0,5000.0,-14000000.0,0.0,0.0,14000000.0
27/06/2019,2890.0,2920.0,-30.0,-0.0102739726,2870.0,2890.0,2800.0,79890.0,228000000.0,0.0,0.0,79890.0,228000000.0,0.0,0.0,0.0,0.0,0.0,0.0,0.0,0.0
26/06/2019,2920.0,2910.0,10.0,0.0034364261,2810.0,2920.0,2810.0,82750.0,236000000.0,0.0,0.0,82750.0,236000000.0,0.0,0.0,0.0,0.0,0.0,0.0,0.0,0.0
25/06/2019,2910.0,2930.0,-20.0,-0.0068259386,2850.0,2950.0,2840.0,33350.0,98000000.0,0.0,0.0,33350.0,98000000.0,0.0,0.0,0.0,0.0,0.0,0.0,0.0,0.0
24/06/2019,2930.0,2930.0,0.0,0.0,2860.0,2940.0,2850.0,31790.0,91000000.0,0.0,0.0,31790.0,91000000.0,10.0,0.0,0.0,-10.0,28500.0,0.0,0.0,-28500.0
21/06/2019,2930.0,2940.0,-10.0,-0.0034,2980.0,2980.0,2900.0,61440.0,179000000.0,0.0,0.0,61440.0,179000000.0,0.0,0.0,0.0,0.0,0.0,0.0,0.0,0.0
20/06/2019,2940.0,2920.0,20.0,0.0068,2890.0,2950.0,2850.0,45810.0,133000000.0,0.0,0.0,45810.0,133000000.0,30.0,0.0,0.0,0.0,87600.0,0.0,0.0,0.0
19/06/2019,2920.0,2950.0,-30.0,-0.0101694915,2960.0,2960.0,2910.0,21280.0,62000000.0,0.0,0.0,21280.0,62000000.0,0.0,0.0,0.0,0.0,0.0,0.0,0.0,0.0
18/06/2019,2950.0,2990.0,-40.0,-0.0133779264,2920.0,2950.0,2800.0,90170.0,259000000.0,0.0,0.0,90170.0,259000000.0,0.0,0.0,0.0,0.0,0.0,0.0,0.0,0.0
17/06/2019,2990.0,2980.0,10.0,0.0033557047,3000.0,3000.0,2900.0,55860.0,165000000.0,0.0,0.0,55860.0,165000000.0,0.0,0.0,0.0,0.0,0.0,0.0,0.0,0.0
