NGÀY,GIÁ,GIÁ THÔ,THAY ĐỔI,%THAY ĐỔI,MỞ,CAO,THẤP,KL KHỚP,GT KHỚP,KL THỎA THUẬN,GT THỎA THUẬN,TỔNG KHỐI LƯỢNG,TỔNG GIÁ TRỊ,KL Cá Nhân Khớp Ròng,KL Tổ chức Khớp Ròng,KL Tự doanh Khớp Ròng,KL Nước Ngoài Khớp Ròng,GT Cá Nhân Khớp Ròng,GT Tổ chức Khớp Ròng,GT Tự doanh Khớp Ròng,GT Nước Ngoài Khớp Ròng
03/09/2026,9410.0,9700.0,-290.0,-0.02989691,10000.0,10000.0,9410.0,14920.0,146481800.0,0.0,0.0,14920.0,146481800.0,0.0,0.0,0.0,0.0,0.0,0.0,0.0,0.0
28/08/2026,9700.0,9070.0,630.0,0.06945976,9000.0,9700.0,9000.0,26221.0,245932950.0,0.0,0.0,26221.0,245932950.0,-1500.0,1500.0,0.0,0.0,-13406000.0,13406000.0,0.0,0.0
27/08/2026,9070.0,8900.0,170.0,0.01910112,8900.0,9080.0,8410.0,20000.0,179680000.0,0.0,0.0,20000.0,179680000.0,0.0,0.0,0.0,0.0,12000.0,-12000.0,0.0,0.0
26/08/2026,8900.0,9100.0,-200.0,-0.02197802,9000.0,9000.0,8900.0,2610.0,23379400.0,0.0,0.0,2610.0,23379400.0,710.0,-710.0,0.0,0.0,6370400.0,-6370400.0,0.0,0.0
25/08/2026,9100.0,8790.0,310.0,0.03526735,8790.0,9100.0,8790.0,25732.0,230300420.0,0.0,0.0,25732.0,230300420.0,3000.0,-3000.0,0.0,0.0,26905000.0,-26905000.0,0.0,0.0
24/08/2026,8790.0,8570.0,220.0,0.02567095,8320.0,9000.0,8320.0,8025.0,69995090.0,0.0,0.0,8025.0,69995090.0,-701.0,701.0,0.0,0.0,-5805890.0,5805890.0,0.0,0.0
21/08/2026,8570.0,8310.0,260.0,0.03128761,8310.0,8570.0,8310.0,13800.0,116008000.0,0.0,0.0,13800.0,116008000.0,12500.0,-12500.0,0.0,0.0,105080000.0,-105080000.0,0.0,0.0
20/08/2026,8310.0,8770.0,-460.0,-0.05245154,8750.0,8750.0,8240.0,57369.0,474244810.0,0.0,0.0,57369.0,474244810.0,-10707.0,10707.0,0.0,0.0,-88549560.0,88549560.0,0.0,0.0
19/08/2026,8770.0,8360.0,410.0,0.04904306,8250.0,8770.0,8000.0,209201.0,1730531940.0,0.0,0.0,209201.0,1730531940.0,26400.0,9400.0,0.0,-35800.0,219503000.0,78277000.0,0.0,-297780000.0
18/08/2026,8360.0,8650.0,-290.0,-0.03352601,8600.0,8600.0,8310.0,17355.0,146445250.0,0.0,0.0,17355.0,146445250.0,-255.0,255.0,0.0,0.0,-2192250.0,2192250.0,0.0,0.0
17/08/2026,8650.0,9300.0,-650.0,-0.06989247,9300.0,9300.0,8650.0,197110.0,1708118960.0,0.0,0.0,197110.0,1708118960.0,-61500.0,61500.0,0.0,0.0,-531868000.0,531868000.0,0.0,0.0
14/08/2026,9300.0,9480.0,-180.0,-0.01898734,9480.0,9480.0,9240.0,1500.0,14124000.0,0.0,0.0,1500.0,14124000.0,-500.0,500.0,0.0,0.0,-4836000.0,4836000.0,0.0,0.0
13/08/2026,9480.0,9500.0,-20.0,-0.00210526,9500.0,9550.0,9200.0,8106.0,76611000.0,0.0,0.0,8106.0,76611000.0,-4006.0,4006.0,0.0,0.0,-37672000.0,37672000.0,0.0,0.0
12/08/2026,9500.0,9890.0,-390.0,-0.03943377,9890.0,9890.0,9500.0,1300.0,12818000.0,0.0,0.0,1300.0,12818000.0,0.0,0.0,0.0,0.0,0.0,0.0,0.0,0.0
11/08/2026,9890.0,9660.0,230.0,0.02380952,9660.0,9930.0,9600.0,10007.0,98556600.0,0.0,0.0,10007.0,98556600.0,-2800.0,2800.0,0.0,0.0,-27757000.0,27757000.0,0.0,0.0
10/08/2026,9660.0,9640.0,20.0,0.00207469,9640.0,9880.0,9450.0,38116.0,368601450.0,0.0,0.0,38116.0,368601450.0,-4416.0,4416.0,0.0,0.0,-43368450.0,43368450.0,0.0,0.0
07/08/2026,9640.0,9650.0,-10.0,-0.00103627,9900.0,9900.0,9440.0,31830.0,301212000.0,0.0,0.0,31830.0,301212000.0,-125.0,125.0,0.0,0.0,-1127500.0,1127500.0,0.0,0.0
06/08/2026,9650.0,9630.0,20.0,0.00207684,10050.0,10050.0,9650.0,5505.0,53305570.0,0.0,0.0,5505.0,53305570.0,299.0,-299.0,0.0,0.0,2918950.0,-2918950.0,0.0,0.0
05/08/2026,9630.0,10350.0,-720.0,-0.06956522,10800.0,10800.0,9630.0,139430.0,1360613000.0,0.0,0.0,139430.0,1360613000.0,-21503.0,21503.0,0.0,0.0,-212696200.0,212696200.0,0.0,0.0
04/08/2026,10350.0,10300.0,50.0,0.00485437,9800.0,10500.0,9800.0,38738.0,395364000.0,0.0,0.0,38738.0,395364000.0,-26663.0,26663.0,0.0,0.0,-270496500.0,270496500.0,0.0,0.0
03/08/2026,10300.0,10300.0,0.0,0.0,10350.0,10500.0,9650.0,15606.0,158567650.0,0.0,0.0,15606.0,158567650.0,-4501.0,4501.0,0.0,0.0,-44526001.0,44526000.0,0.0,0.0
31/07/2026,10300.0,10200.0,100.0,0.00980392,10350.0,10400.0,9900.0,86000.0,882580000.0,0.0,0.0,86000.0,882580000.0,81500.0,-81500.0,0.0,0.0,836390000.0,-836390000.0,0.0,0.0
30/07/2026,10200.0,10150.0,50.0,0.00492611,10150.0,10250.0,9830.0,1600.0,16092000.0,0.0,0.0,1600.0,16092000.0,0.0,0.0,0.0,0.0,0.0,0.0,0.0,0.0
29/07/2026,10150.0,10050.0,100.0,0.00995025,10350.0,10350.0,10150.0,1658.0,17027450.0,0.0,0.0,1658.0,17027450.0,338.0,-338.0,0.0,0.0,3455500.0,-3455500.0,0.0,0.0
28/07/2026,10050.0,10050.0,0.0,0.0,9900.0,10050.0,9550.0,9750.0,97759000.0,0.0,0.0,9750.0,97759000.0,-6050.0,6050.0,0.0,0.0,-60917000.0,60917000.0,0.0,0.0
27/07/2026,10050.0,9900.0,150.0,0.01515152,10400.0,10400.0,9450.0,24400.0,240950000.0,0.0,0.0,24400.0,240950000.0,400.0,-400.0,0.0,0.0,4095000.0,-4095000.0,0.0,0.0
24/07/2026,9900.0,10550.0,-650.0,-0.06161137,10500.0,10500.0,9900.0,34600.0,350561000.0,0.0,0.0,34600.0,350561000.0,-5000.0,5000.0,0.0,0.0,-50000000.0,50000000.0,0.0,0.0
23/07/2026,10550.0,10750.0,-200.0,-0.01860465,10000.0,10650.0,10000.0,253249.0,2536706750.0,0.0,0.0,253249.0,2536706750.0,-54298.0,54298.0,0.0,0.0,-542538500.0,542538500.0,0.0,0.0
22/07/2026,10750.0,11550.0,-800.0,-0.06926407,10750.0,10750.0,10750.0,57600.0,619200000.0,0.0,0.0,57600.0,619200000.0,-1700.0,1700.0,0.0,0.0,-18275000.0,18275000.0,0.0,0.0
21/07/2026,11550.0,11650.0,-100.0,-0.00858369,12200.0,12200.0,10850.0,47796.0,519739900.0,0.0,0.0,47796.0,519739900.0,-1756.0,1756.0,0.0,0.0,-18792400.0,18792400.0,0.0,0.0
20/07/2026,11650.0,12000.0,-350.0,-0.02916667,12100.0,12100.0,11200.0,61600.0,690280000.0,0.0,0.0,61600.0,690280000.0,-39000.0,39000.0,0.0,0.0,-436845000.0,436845000.0,0.0,0.0
17/07/2026,12000.0,11700.0,300.0,0.02564103,12050.0,12050.0,12000.0,610.0,7332000.0,0.0,0.0,610.0,7332000.0,-5.0,5.0,0.0,0.0,-58500.0,58500.0,0.0,0.0
16/07/2026,11700.0,12550.0,-850.0,-0.06772908,11800.0,12250.0,11700.0,11700.0,137215000.0,0.0,0.0,11700.0,137215000.0,1200.0,-1200.0,0.0,0.0,13965000.0,-13965000.0,0.0,0.0
15/07/2026,12550.0,12450.0,100.0,0.00803213,12800.0,12800.0,12550.0,1100.0,13955000.0,0.0,0.0,1100.0,13955000.0,400.0,-400.0,0.0,0.0,5095000.0,-5095000.0,0.0,0.0
14/07/2026,12450.0,12800.0,-350.0,-0.02734375,12150.0,12650.0,11950.0,119310.0,1429330600.0,0.0,0.0,119310.0,1429330600.0,-5510.0,5510.0,0.0,0.0,-65894600.0,65894600.0,0.0,0.0
13/07/2026,12800.0,13050.0,-250.0,-0.01915709,12950.0,12950.0,12500.0,7847.0,99227250.0,0.0,0.0,7847.0,99227250.0,-102.0,102.0,0.0,0.0,-1320000.0,1320000.0,0.0,0.0
10/07/2026,13050.0,13200.0,-150.0,-0.01136364,12800.0,13300.0,12800.0,3879.0,50705650.0,0.0,0.0,3879.0,50705650.0,679.0,-300.0,0.0,-379.0,8895650.0,-4080000.0,0.0,-4815650.0
09/07/2026,13200.0,13300.0,-100.0,-0.0075188,13300.0,13500.0,12400.0,6900.0,89030000.0,0.0,0.0,6900.0,89030000.0,5100.0,-5100.0,0.0,0.0,65160000.0,-65160000.0,0.0,0.0
08/07/2026,13300.0,13600.0,-300.0,-0.02205882,13050.0,13500.0,12900.0,34510.0,451059000.0,0.0,0.0,34510.0,451059000.0,33300.0,-33300.0,0.0,0.0,435450000.0,-435450000.0,0.0,0.0
07/07/2026,13600.0,13600.0,0.0,0.0,13900.0,13900.0,12700.0,10500.0,136210000.0,0.0,0.0,10500.0,136210000.0,300.0,-300.0,0.0,0.0,4210000.0,-4210000.0,0.0,0.0
06/07/2026,13600.0,13600.0,0.0,0.0,13850.0,13850.0,13400.0,6300.0,85415000.0,0.0,0.0,6300.0,85415000.0,5300.0,-5300.0,0.0,0.0,71810000.0,-71810000.0,0.0,0.0
03/07/2026,13600.0,13650.0,-50.0,-0.003663,13650.0,13650.0,13400.0,6842.0,92488850.0,0.0,0.0,6842.0,92488850.0,5463.0,-5463.0,0.0,0.0,73813650.0,-73813650.0,0.0,0.0
02/07/2026,13650.0,14300.0,-650.0,-0.04545455,14300.0,14300.0,13600.0,8200.0,115290000.0,0.0,0.0,8200.0,115290000.0,300.0,-300.0,0.0,0.0,4210000.0,-4210000.0,0.0,0.0
01/07/2026,14300.0,14400.0,-100.0,-0.00694444,13850.0,14300.0,13450.0,80200.0,1089140000.0,0.0,0.0,80200.0,1089140000.0,-2600.0,2600.0,0.0,0.0,-34070000.0,34070000.0,0.0,0.0
30/06/2026,14400.0,14500.0,-100.0,-0.00689655,14000.0,14400.0,13500.0,103128.0,1409543000.0,0.0,0.0,103128.0,1409543000.0,-10010.0,10010.0,0.0,0.0,-135246000.0,135246000.0,0.0,0.0
29/06/2026,14500.0,14900.0,-400.0,-0.02684564,14400.0,14500.0,14000.0,36584.0,521020200.0,0.0,0.0,36584.0,521020200.0,25900.0,-25900.0,0.0,0.0,370005000.0,-370005000.0,0.0,0.0
26/06/2026,14900.0,14900.0,0.0,0.0,14900.0,14900.0,14900.0,1.0,14200.0,0.0,0.0,1.0,14200.0,0.0,0.0,0.0,0.0,0.0,0.0,0.0,0.0
25/06/2026,14900.0,14900.0,0.0,0.0,14300.0,14900.0,14300.0,3510.0,50313000.0,0.0,0.0,3510.0,50313000.0,-300.0,300.0,0.0,0.0,-4290000.0,4290000.0,0.0,0.0
24/06/2026,14900.0,14750.0,150.0,0.01016949,14900.0,14900.0,14900.0,886.0,13116100.0,0.0,0.0,886.0,13116100.0,86.0,-86.0,-86.0,0.0,1196100.0,-1196100.0,-1196000.0,0.0
23/06/2026,14750.0,14750.0,0.0,0.0,14750.0,14800.0,14750.0,1782.0,26229550.0,0.0,0.0,1782.0,26229550.0,-520.0,600.0,0.0,-80.0,-7734600.0,8855000.0,0.0,-1120400.0
22/06/2026,14750.0,14700.0,50.0,0.00340136,14500.0,14750.0,14300.0,1300.0,18965000.0,0.0,0.0,1300.0,18965000.0,200.0,-200.0,0.0,0.0,2950000.0,-2950000.0,0.0,0.0
19/06/2026,14700.0,14800.0,-100.0,-0.00675676,14500.0,14700.0,14500.0,670.0,9768200.0,0.0,0.0,670.0,9768200.0,0.0,0.0,0.0,0.0,0.0,0.0,0.0,0.0
18/06/2026,14800.0,14900.0,-100.0,-0.00671141,14500.0,14800.0,14500.0,3523.0,51526200.0,0.0,0.0,3523.0,51526200.0,-500.0,500.0,0.0,0.0,-7275000.0,7275000.0,0.0,0.0
17/06/2026,14900.0,14900.0,0.0,0.0,14900.0,14900.0,14900.0,300.0,4470000.0,0.0,0.0,300.0,4470000.0,0.0,0.0,0.0,0.0,0.0,0.0,0.0,0.0
16/06/2026,14900.0,14900.0,0.0,0.0,15000.0,15000.0,14500.0,2900.0,42595000.0,0.0,0.0,2900.0,42595000.0,100.0,-100.0,0.0,0.0,1490000.0,-1490000.0,0.0,0.0
15/06/2026,14900.0,14900.0,0.0,0.0,14500.0,14900.0,14500.0,1917.0,28043300.0,0.0,0.0,1917.0,28043300.0,-300.0,300.0,0.0,0.0,-4350000.0,4350000.0,0.0,0.0
12/06/2026,14900.0,15100.0,-200.0,-0.01324503,14900.0,14900.0,14900.0,266.0,3970000.0,0.0,0.0,266.0,3970000.0,0.0,0.0,0.0,0.0,0.0,0.0,0.0,0.0
11/06/2026,15100.0,14500.0,600.0,0.04137931,14600.0,15500.0,14600.0,9213.0,138436300.0,0.0,0.0,9213.0,138436300.0,-1900.0,1900.0,0.0,0.0,-28475000.0,28475000.0,0.0,0.0
10/06/2026,14500.0,15000.0,-500.0,-0.03333333,15000.0,15100.0,14500.0,12303.0,183105300.0,0.0,0.0,12303.0,183105300.0,-100.0,100.0,0.0,0.0,-1350000.0,1350000.0,0.0,0.0
09/06/2026,15000.0,15150.0,-150.0,-0.00990099,14600.0,15000.0,14500.0,14900.0,216345000.0,180000.0,2700000000.0,194900.0,2916345000.0,-400.0,400.0,0.0,0.0,-5780000.0,5780000.0,0.0,0.0
08/06/2026,15150.0,15350.0,-200.0,-0.01302932,15300.0,15300.0,14700.0,11703.0,172363950.0,0.0,0.0,11703.0,172363950.0,900.0,-900.0,0.0,0.0,13230000.0,-13230000.0,0.0,0.0
05/06/2026,15350.0,15350.0,0.0,0.0,15350.0,15350.0,15350.0,0.0,0.0,0.0,0.0,0.0,0.0,0.0,0.0,0.0,0.0,0.0,0.0,0.0,0.0
04/06/2026,15350.0,15600.0,-250.0,-0.01602564,15000.0,15350.0,15000.0,2288.0,34881300.0,0.0,0.0,2288.0,34881300.0,963.0,-963.0,0.0,0.0,14661300.0,-14661300.0,0.0,0.0
03/06/2026,15600.0,14900.0,700.0,0.04697987,15600.0,15600.0,15600.0,3000.0,46800000.0,0.0,0.0,3000.0,46800000.0,2300.0,-2300.0,0.0,0.0,35880000.0,-35880000.0,0.0,0.0
02/06/2026,14900.0,15000.0,-100.0,-0.00666667,14550.0,14900.0,14500.0,1103.0,16124200.0,0.0,0.0,1103.0,16124200.0,201.0,-201.0,0.0,0.0,2964200.0,-2964200.0,0.0,0.0
01/06/2026,15000.0,15000.0,0.0,0.0,15000.0,15000.0,15000.0,564.0,8450100.0,0.0,0.0,564.0,8450100.0,200.0,-200.0,0.0,0.0,3000000.0,-3000000.0,0.0,0.0
29/05/2026,15000.0,15000.0,0.0,0.0,15000.0,15000.0,15000.0,500.0,7500000.0,0.0,0.0,500.0,7500000.0,0.0,0.0,0.0,0.0,0.0,0.0,0.0,0.0
28/05/2026,15000.0,15200.0,-200.0,-0.01315789,14700.0,15000.0,14500.0,4555.0,66758750.0,0.0,0.0,4555.0,66758750.0,2200.0,-2200.0,0.0,0.0,32250000.0,-32250000.0,0.0,0.0
27/05/2026,15200.0,14900.0,300.0,0.02013423,15300.0,15300.0,15200.0,1200.0,18250000.0,0.0,0.0,1200.0,18250000.0,-100.0,100.0,0.0,0.0,-1520000.0,1520000.0,0.0,0.0
26/05/2026,14900.0,14850.0,50.0,0.003367,14800.0,14900.0,14500.0,24900.0,365860000.0,0.0,0.0,24900.0,365860000.0,-17400.0,17400.0,0.0,0.0,-256220000.0,256220000.0,0.0,0.0
25/05/2026,14850.0,14950.0,-100.0,-0.00668896,14800.0,14950.0,14600.0,600.0,8865000.0,0.0,0.0,600.0,8865000.0,100.0,-100.0,0.0,0.0,1495000.0,-1495000.0,0.0,0.0
22/05/2026,14950.0,15000.0,-50.0,-0.00333333,14950.0,15000.0,14850.0,163600.0,2444120000.0,0.0,0.0,163600.0,2444120000.0,200.0,-200.0,0.0,0.0,2990000.0,-2990000.0,0.0,0.0
21/05/2026,15000.0,15000.0,0.0,0.0,14950.0,15000.0,14950.0,95301.0,1424764500.0,0.0,0.0,95301.0,1424764500.0,-94800.0,94800.0,0.0,0.0,-1417250000.0,1417250000.0,0.0,0.0
20/05/2026,15000.0,15050.0,-50.0,-0.00332226,15000.0,15000.0,15000.0,300.0,4500000.0,0.0,0.0,300.0,4500000.0,100.0,-100.0,0.0,0.0,1500000.0,-1500000.0,0.0,0.0
19/05/2026,15050.0,15000.0,50.0,0.00333333,15000.0,15250.0,15000.0,1100.0,16570000.0,0.0,0.0,1100.0,16570000.0,700.0,-700.0,0.0,0.0,10560000.0,-10560000.0,0.0,0.0
18/05/2026,15000.0,15150.0,-150.0,-0.00990099,14650.0,15100.0,14600.0,3802.0,56710000.0,0.0,0.0,3802.0,56710000.0,0.0,0.0,0.0,0.0,290000.0,-290000.0,0.0,0.0
15/05/2026,15150.0,15250.0,-100.0,-0.00655738,14800.0,15150.0,14500.0,15801.0,230524750.0,0.0,0.0,15801.0,230524750.0,-2700.0,2700.0,0.0,0.0,-39310000.0,39310000.0,0.0,0.0
14/05/2026,15250.0,15250.0,0.0,0.0,14850.0,15300.0,14500.0,70000.0,1018009050.0,0.0,0.0,70000.0,1018009050.0,-1700.0,1700.0,0.0,0.0,-24560000.0,24560000.0,0.0,0.0
13/05/2026,15250.0,15250.0,0.0,0.0,14800.0,15250.0,14700.0,5838.0,86429500.0,0.0,0.0,5838.0,86429500.0,-289.0,289.0,0.0,0.0,-4207250.0,4207250.0,0.0,0.0
12/05/2026,15250.0,15300.0,-50.0,-0.00326797,15300.0,15300.0,14750.0,5420.0,81231000.0,0.0,0.0,5420.0,81231000.0,2720.0,-2400.0,0.0,-320.0,40866000.0,-36135000.0,0.0,-4731000.0
11/05/2026,15300.0,15350.0,-50.0,-0.00325733,14850.0,15350.0,14850.0,1700.0,25565000.0,0.0,0.0,1700.0,25565000.0,100.0,-100.0,0.0,0.0,1535000.0,-1535000.0,0.0,0.0
08/05/2026,15350.0,15400.0,-50.0,-0.00324675,14950.0,15350.0,14700.0,19142.0,285334000.0,0.0,0.0,19142.0,285334000.0,3907.0,-3907.0,0.0,0.0,59189650.0,-59189650.0,0.0,0.0
07/05/2026,15400.0,15200.0,200.0,0.01315789,14800.0,15400.0,14700.0,5502.0,84373900.0,0.0,0.0,5502.0,84373900.0,2298.0,-2298.0,0.0,0.0,35586101.0,-35586100.0,0.0,0.0
06/05/2026,15200.0,15200.0,0.0,0.0,14800.0,15200.0,14700.0,19400.0,285730000.0,0.0,0.0,19400.0,285730000.0,18700.0,-18700.0,0.0,0.0,275400000.0,-275400000.0,0.0,0.0
05/05/2026,15200.0,15400.0,-200.0,-0.01298701,15000.0,15200.0,14750.0,13801.0,204010100.0,0.0,0.0,13801.0,204010100.0,6800.0,-6800.0,0.0,0.0,100485000.0,-100485000.0,0.0,0.0
04/05/2026,15400.0,15300.0,100.0,0.00653595,15400.0,15400.0,15400.0,103.0,1585900.0,0.0,0.0,103.0,1585900.0,100.0,-100.0,0.0,0.0,1540000.0,-1540000.0,0.0,0.0
29/04/2026,15300.0,15400.0,-100.0,-0.00649351,15000.0,15300.0,14700.0,1000.0,15100000.0,0.0,0.0,1000.0,15100000.0,200.0,-200.0,0.0,0.0,3000000.0,-3000000.0,0.0,0.0
28/04/2026,15400.0,15350.0,50.0,0.00325733,15400.0,15400.0,15400.0,105.0,1616750.0,0.0,0.0,105.0,1616750.0,100.0,-100.0,0.0,0.0,1540000.0,-1540000.0,0.0,0.0
24/04/2026,15350.0,15200.0,150.0,0.00986842,14950.0,15400.0,14900.0,19803.0,297150600.0,0.0,0.0,19803.0,297150600.0,15701.0,-15701.0,0.0,0.0,234990201.0,-234990200.0,0.0,0.0
23/04/2026,15200.0,15300.0,-100.0,-0.00653595,15200.0,15200.0,15200.0,102.0,1550400.0,0.0,0.0,102.0,1550400.0,0.0,0.0,0.0,0.0,0.0,0.0,0.0,0.0
22/04/2026,15300.0,15300.0,0.0,0.0,15300.0,15300.0,15300.0,1640.0,25092000.0,0.0,0.0,1640.0,25092000.0,500.0,-500.0,0.0,0.0,7650000.0,-7650000.0,0.0,0.0
21/04/2026,15300.0,15400.0,-100.0,-0.00649351,15050.0,15300.0,15000.0,19717.0,295870000.0,0.0,0.0,19717.0,295870000.0,1383.0,-1383.0,0.0,0.0,20840000.0,-20840000.0,0.0,0.0
20/04/2026,15400.0,15400.0,0.0,0.0,15400.0,15500.0,15050.0,6367.0,97073150.0,0.0,0.0,6367.0,97073150.0,5163.0,-5163.0,0.0,0.0,78582849.0,-78582850.0,0.0,0.0
17/04/2026,15400.0,15500.0,-100.0,-0.00645161,15400.0,15400.0,15400.0,816.0,12563150.0,0.0,0.0,816.0,12563150.0,-16.0,16.0,0.0,0.0,-243150.0,243150.0,0.0,0.0
16/04/2026,15500.0,15350.0,150.0,0.00977199,15400.0,15500.0,15400.0,6051.0,93623750.0,0.0,0.0,6051.0,93623750.0,-21.0,21.0,0.0,0.0,-310500.0,310500.0,0.0,0.0
15/04/2026,15350.0,15500.0,-150.0,-0.00967742,15600.0,15600.0,15000.0,4216.0,63571600.0,0.0,0.0,4216.0,63571600.0,2999.0,-2999.0,0.0,0.0,45044601.0,-45044600.0,0.0,0.0
14/04/2026,15500.0,15500.0,0.0,0.0,15500.0,15500.0,15500.0,80.0,1217350.0,0.0,0.0,80.0,1217350.0,-31.0,31.0,0.0,0.0,-464300.0,464300.0,0.0,0.0
13/04/2026,15500.0,15500.0,0.0,0.0,15100.0,15600.0,15100.0,3298.0,50320800.0,0.0,0.0,3298.0,50320800.0,-1094.0,1094.0,0.0,0.0,-16619250.0,16619250.0,0.0,0.0
10/04/2026,15500.0,15600.0,-100.0,-0.00641026,15450.0,15550.0,15050.0,2101.0,32154650.0,0.0,0.0,2101.0,32154650.0,299.0,-299.0,0.0,0.0,4705350.0,-4705350.0,0.0,0.0
09/04/2026,15600.0,15650.0,-50.0,-0.00319489,15600.0,15600.0,15600.0,641.0,9961750.0,0.0,0.0,641.0,9961750.0,399.0,-399.0,0.0,0.0,6225250.0,-6225250.0,0.0,0.0
08/04/2026,15650.0,15400.0,250.0,0.01623377,15600.0,16000.0,15200.0,76237.0,1166217500.0,0.0,0.0,76237.0,1166217500.0,6004.0,-6004.0,0.0,0.0,92977300.0,-92977300.0,0.0,0.0
07/04/2026,15400.0,15350.0,50.0,0.00325733,14850.0,15400.0,14850.0,400.0,6050000.0,0.0,0.0,400.0,6050000.0,100.0,-100.0,0.0,0.0,1485000.0,-1485000.0,0.0,0.0
06/04/2026,15350.0,15500.0,-150.0,-0.00967742,15100.0,15350.0,14550.0,4408.0,65333350.0,0.0,0.0,4408.0,65333350.0,1895.0,-1895.0,0.0,0.0,28442251.0,-28442250.0,0.0,0.0
03/04/2026,15500.0,15500.0,0.0,0.0,15500.0,15500.0,15500.0,131.0,2014800.0,0.0,0.0,131.0,2014800.0,-99.0,99.0,0.0,0.0,-1535201.0,1535200.0,0.0,0.0
02/04/2026,15500.0,15400.0,100.0,0.00649351,15600.0,15600.0,15350.0,9625.0,148390000.0,0.0,0.0,9625.0,148390000.0,925.0,-925.0,0.0,0.0,14345000.0,-14345000.0,0.0,0.0
01/04/2026,15400.0,15800.0,-400.0,-0.02531646,15000.0,15500.0,15000.0,18436.0,279578200.0,1150000.0,19435000000.0,1168436.0,19714578200.0,3336.0,-3336.0,0.0,0.0,51438200.0,-51438200.0,0.0,0.0
31/03/2026,15800.0,15450.0,350.0,0.02265372,14750.0,15800.0,14750.0,7240.0,111784000.0,0.0,0.0,7240.0,111784000.0,-3200.0,3200.0,0.0,0.0,-49250000.0,49250000.0,0.0,0.0
30/03/2026,15450.0,15350.0,100.0,0.00651466,14500.0,15950.0,14500.0,803.0,12436200.0,0.0,0.0,803.0,12436200.0,402.0,-402.0,0.0,0.0,6336400.0,-6336400.0,0.0,0.0
27/03/2026,15350.0,15350.0,0.0,0.0,15350.0,15350.0,15350.0,202.0,3100000.0,0.0,0.0,202.0,3100000.0,100.0,-100.0,0.0,0.0,1535000.0,-1535000.0,0.0,0.0
26/03/2026,15350.0,15400.0,-50.0,-0.00324675,15400.0,15400.0,15350.0,501.0,7695400.0,0.0,0.0,501.0,7695400.0,300.0,-300.0,0.0,0.0,4605000.0,-4605000.0,0.0,0.0
25/03/2026,15400.0,15200.0,200.0,0.01315789,15200.0,16000.0,15200.0,7000.0,107700000.0,0.0,0.0,7000.0,107700000.0,700.0,-700.0,0.0,0.0,11030000.0,-11030000.0,0.0,0.0
24/03/2026,15200.0,15050.0,150.0,0.00996678,14750.0,15200.0,14750.0,22100.0,332310000.0,0.0,0.0,22100.0,332310000.0,20100.0,-400.0,0.0,-19700.0,302520000.0,-6035000.0,0.0,-296485000.0
23/03/2026,15050.0,15650.0,-600.0,-0.03833866,15200.0,15200.0,14750.0,7014.0,105793250.0,427100.0,7132570000.0,434114.0,7238363250.0,4391.0,-4391.0,0.0,0.0,66191400.0,-66191400.0,0.0,0.0
20/03/2026,15650.0,15600.0,50.0,0.00320513,15150.0,15700.0,15100.0,14507.0,219960700.0,0.0,0.0,14507.0,219960700.0,-11600.0,11600.0,0.0,0.0,-175090001.0,175090000.0,0.0,0.0
19/03/2026,15600.0,15900.0,-300.0,-0.01886792,15400.0,15650.0,15000.0,7100.0,107090000.0,0.0,0.0,7100.0,107090000.0,5600.0,-5600.0,0.0,0.0,84340000.0,-84340000.0,0.0,0.0
18/03/2026,15900.0,15950.0,-50.0,-0.0031348,15150.0,15900.0,15150.0,502.0,7905400.0,0.0,0.0,502.0,7905400.0,298.0,-298.0,0.0,0.0,4814600.0,-4814600.0,0.0,0.0
17/03/2026,15950.0,15500.0,450.0,0.02903226,15500.0,15950.0,15000.0,42007.0,650913100.0,0.0,0.0,42007.0,650913100.0,-9795.0,29695.0,0.0,-19900.0,-151642100.0,460092100.0,0.0,-308450000.0
16/03/2026,15500.0,15500.0,0.0,0.0,15100.0,15500.0,15100.0,650.0,10020000.0,0.0,0.0,650.0,10020000.0,400.0,0.0,0.0,-400.0,6200000.0,0.0,0.0,-6200000.0
13/03/2026,15500.0,15550.0,-50.0,-0.00321543,15000.0,15900.0,15000.0,74006.0,1142002500.0,0.0,0.0,74006.0,1142002500.0,14001.0,-14001.0,0.0,0.0,221606100.0,-221606100.0,0.0,0.0
12/03/2026,15550.0,15350.0,200.0,0.01302932,14850.0,16200.0,14850.0,15402.0,234754800.0,0.0,0.0,15402.0,234754800.0,-8202.0,8202.0,0.0,0.0,-122364800.0,122364800.0,0.0,0.0
11/03/2026,15350.0,15200.0,150.0,0.00986842,14500.0,15750.0,14500.0,7707.0,116287450.0,0.0,0.0,7707.0,116287450.0,-896.0,896.0,0.0,0.0,-14146750.0,14146750.0,0.0,0.0
10/03/2026,15200.0,14700.0,500.0,0.03401361,15500.0,15500.0,14700.0,2002.0,30152400.0,0.0,0.0,2002.0,30152400.0,602.0,-602.0,0.0,0.0,9007400.0,-9007400.0,0.0,0.0
09/03/2026,14700.0,15800.0,-1100.0,-0.06962025,15000.0,15000.0,14700.0,8204.0,121245300.0,0.0,0.0,8204.0,121245300.0,653.0,-653.0,0.0,0.0,9334600.0,-9334600.0,0.0,0.0
06/03/2026,15800.0,15800.0,0.0,0.0,15600.0,15800.0,15400.0,30993.0,479465800.0,0.0,0.0,30993.0,479465800.0,440.0,-440.0,0.0,0.0,6893200.0,-6893200.0,0.0,0.0
05/03/2026,15800.0,15850.0,-50.0,-0.00315457,15500.0,15800.0,15450.0,22701.0,351855800.0,0.0,0.0,22701.0,351855800.0,1200.0,-1000.0,0.0,-200.0,19025000.0,-15865000.0,0.0,-3160000.0
04/03/2026,15850.0,15900.0,-50.0,-0.00314465,15600.0,15850.0,15300.0,66265.0,1019708700.0,0.0,0.0,66265.0,1019708700.0,1935.0,-1935.0,0.0,0.0,29831300.0,-29831300.0,0.0,0.0
03/03/2026,15900.0,16000.0,-100.0,-0.00625,15650.0,15900.0,15600.0,6032.0,94288450.0,0.0,0.0,6032.0,94288450.0,196.0,-184.0,0.0,-12.0,3118900.0,-2931900.0,0.0,-187800.0
02/03/2026,16000.0,16000.0,0.0,0.0,15500.0,16000.0,15300.0,24600.0,382980000.0,0.0,0.0,24600.0,382980000.0,7200.0,-7100.0,0.0,-100.0,113370000.0,-111770000.0,0.0,-1600000.0
27/02/2026,16000.0,15850.0,150.0,0.00946372,15800.0,16000.0,15800.0,39642.0,628518200.0,0.0,0.0,39642.0,628518200.0,-2794.0,2794.0,0.0,0.0,-44725000.0,44725000.0,0.0,0.0
26/02/2026,15850.0,16300.0,-450.0,-0.02760736,16000.0,16400.0,15800.0,66500.0,1053420000.0,0.0,0.0,66500.0,1053420000.0,-1500.0,1500.0,0.0,0.0,-23700000.0,23700000.0,0.0,0.0
25/02/2026,16300.0,16200.0,100.0,0.00617284,16200.0,16300.0,15900.0,6816.0,109532500.0,0.0,0.0,6816.0,109532500.0,710.0,-697.0,0.0,-13.0,11538000.0,-11340000.0,0.0,-198900.0
24/02/2026,16200.0,16050.0,150.0,0.00934579,15900.0,16450.0,15900.0,77166.0,1231768200.0,0.0,0.0,77166.0,1231768200.0,11601.0,-10894.0,0.0,-707.0,185425500.0,-174184500.0,0.0,-11241300.0
23/02/2026,16050.0,16400.0,-350.0,-0.02134146,16400.0,16600.0,16050.0,2031.0,32978300.0,0.0,0.0,2031.0,32978300.0,1770.0,-1770.0,0.0,0.0,28698000.0,-28698000.0,0.0,0.0
13/02/2026,16400.0,16100.0,300.0,0.01863354,15650.0,16400.0,15650.0,21957.0,352716150.0,0.0,0.0,21957.0,352716150.0,7436.0,-7436.0,0.0,0.0,121098450.0,-121098450.0,0.0,0.0
12/02/2026,16100.0,16000.0,100.0,0.00625,15300.0,16500.0,15250.0,2701.0,43410500.0,0.0,0.0,2701.0,43410500.0,1400.0,-1400.0,0.0,0.0,22675000.0,-22675000.0,0.0,0.0
11/02/2026,16000.0,15900.0,100.0,0.00628931,15450.0,16150.0,15450.0,50302.0,802091900.0,0.0,0.0,50302.0,802091900.0,11699.0,-11699.0,0.0,0.0,186793700.0,-186793700.0,0.0,0.0
10/02/2026,15900.0,15900.0,0.0,0.0,16000.0,16000.0,15300.0,60216.0,957742300.0,0.0,0.0,60216.0,957742300.0,3085.0,-3085.0,0.0,0.0,48674000.0,-48674000.0,0.0,0.0
09/02/2026,15900.0,15550.0,350.0,0.02250804,15200.0,15900.0,15100.0,8116.0,124708800.0,0.0,0.0,8116.0,124708800.0,6600.0,-6600.0,0.0,0.0,100975000.0,-100975000.0,0.0,0.0
06/02/2026,15550.0,16200.0,-650.0,-0.04012346,15550.0,16250.0,15500.0,8456.0,132406600.0,0.0,0.0,8456.0,132406600.0,5294.0,-5294.0,0.0,0.0,83143400.0,-83143400.0,0.0,0.0
05/02/2026,16200.0,16250.0,-50.0,-0.00307692,15850.0,16500.0,15850.0,51307.0,820187200.0,0.0,0.0,51307.0,820187200.0,-3242.0,3242.0,0.0,0.0,-51302650.0,51302650.0,0.0,0.0
04/02/2026,16250.0,15500.0,750.0,0.0483871,15200.0,16300.0,15200.0,133400.0,2134864000.0,0.0,0.0,133400.0,2134864000.0,73700.0,-62600.0,0.0,-11100.0,1176430000.0,-1006690000.0,0.0,-169740000.0
03/02/2026,15500.0,15200.0,300.0,0.01973684,15850.0,15850.0,15000.0,22851.0,349764700.0,2300000.0,35190000000.0,2322851.0,35539764700.0,7110.0,2890.0,0.0,-10000.0,108486500.0,43513500.0,0.0,-152000000.0
02/02/2026,15200.0,15200.0,0.0,0.0,15100.0,15200.0,14200.0,19640.0,294355000.0,0.0,0.0,19640.0,294355000.0,-800.0,800.0,0.0,0.0,-11620000.0,11620000.0,0.0,0.0
30/01/2026,15200.0,15200.0,0.0,0.0,15300.0,15300.0,15200.0,14700.0,224562300.0,0.0,0.0,14700.0,224562300.0,-9350.0,11650.0,0.0,-2300.0,-143162500.0,178122500.0,0.0,-34960000.0
29/01/2026,15200.0,15350.0,-150.0,-0.00977199,14900.0,15200.0,14800.0,3600.0,53885000.0,0.0,0.0,3600.0,53885000.0,500.0,-500.0,0.0,0.0,7370000.0,-7370000.0,0.0,0.0
28/01/2026,15350.0,15150.0,200.0,0.01320132,15200.0,15400.0,14800.0,15300.0,229860000.0,0.0,0.0,15300.0,229860000.0,2300.0,-2300.0,0.0,0.0,34495000.0,-34495000.0,0.0,0.0
27/01/2026,15150.0,15150.0,0.0,0.0,15000.0,15150.0,14800.0,50501.0,750810100.0,0.0,0.0,50501.0,750810100.0,-8600.0,8600.0,0.0,0.0,-128030000.0,128030000.0,0.0,0.0
26/01/2026,15150.0,15200.0,-50.0,-0.00328947,15300.0,15300.0,15000.0,9001.0,135840300.0,0.0,0.0,9001.0,135840300.0,2100.0,-2100.0,0.0,0.0,32040000.0,-32040000.0,0.0,0.0
23/01/2026,15200.0,15200.0,0.0,0.0,15200.0,15400.0,15150.0,4224.0,64124800.0,0.0,0.0,4224.0,64124800.0,1100.0,400.0,0.0,-1500.0,16710000.0,6090000.0,0.0,-22800000.0
22/01/2026,15200.0,15250.0,-50.0,-0.00327869,15100.0,15400.0,15100.0,16042.0,243810750.0,0.0,0.0,16042.0,243810750.0,-3401.0,8201.0,0.0,-4800.0,-51690250.0,124655250.0,0.0,-72965000.0
21/01/2026,15250.0,15700.0,-450.0,-0.02866242,15350.0,15350.0,15150.0,22001.0,335345300.0,0.0,0.0,22001.0,335345300.0,-200.0,17700.0,0.0,-17500.0,-3015000.0,269765000.0,0.0,-266750000.0
20/01/2026,15700.0,15750.0,-50.0,-0.0031746,15800.0,15800.0,15300.0,19604.0,303982800.0,0.0,0.0,19604.0,303982800.0,1504.0,-1500.0,0.0,-4.0,23842000.0,-23780000.0,0.0,-62800.0
19/01/2026,15750.0,15700.0,50.0,0.00318471,15800.0,15900.0,15300.0,45840.0,715059750.0,0.0,0.0,45840.0,715059750.0,-19686.0,19686.0,0.0,0.0,-307360750.0,307360750.0,0.0,0.0
16/01/2026,15700.0,15800.0,-100.0,-0.00632911,15750.0,15750.0,15350.0,89075.0,1377031400.0,0.0,0.0,89075.0,1377031400.0,-23434.0,23434.0,0.0,0.0,-361035650.0,361035650.0,0.0,0.0
15/01/2026,15800.0,15950.0,-150.0,-0.00940439,15950.0,16400.0,15400.0,57802.0,901591800.0,0.0,0.0,57802.0,901591800.0,-28701.0,28701.0,0.0,0.0,-444060900.0,444060900.0,0.0,0.0
14/01/2026,15950.0,15700.0,250.0,0.01592357,15700.0,16000.0,15350.0,92100.0,1425160000.0,0.0,0.0,92100.0,1425160000.0,-16000.0,16200.0,0.0,-200.0,-244650000.0,247720000.0,0.0,-3070000.0
13/01/2026,15700.0,15800.0,-100.0,-0.00632911,15850.0,15900.0,15450.0,4547.0,70894800.0,0.0,0.0,4547.0,70894800.0,-1946.0,1946.0,0.0,0.0,-30033801.0,30033800.0,0.0,0.0
12/01/2026,15800.0,15800.0,0.0,0.0,15600.0,16000.0,15600.0,14084.0,221527200.0,0.0,0.0,14084.0,221527200.0,-6495.0,6495.0,0.0,0.0,-101301000.0,101301000.0,0.0,0.0
09/01/2026,15800.0,16000.0,-200.0,-0.0125,16000.0,16000.0,15700.0,8471.0,135082700.0,0.0,0.0,8471.0,135082700.0,-5598.0,5598.0,0.0,0.0,-89538350.0,89538350.0,0.0,0.0
08/01/2026,16000.0,16100.0,-100.0,-0.00621118,16100.0,16100.0,15600.0,8415.0,134010750.0,0.0,0.0,8415.0,134010750.0,-815.0,815.0,0.0,0.0,-12710750.0,12710750.0,0.0,0.0
07/01/2026,16100.0,16300.0,-200.0,-0.01226994,16100.0,16200.0,15500.0,38400.0,599590000.0,0.0,0.0,38400.0,599590000.0,-6200.0,6200.0,0.0,0.0,-97780000.0,97780000.0,0.0,0.0
06/01/2026,16300.0,16200.0,100.0,0.00617284,15900.0,16300.0,15100.0,28354.0,446586100.0,0.0,0.0,28354.0,446586100.0,275.0,-275.0,0.0,0.0,6968750.0,-6968750.0,0.0,0.0
05/01/2026,16200.0,16350.0,-150.0,-0.00917431,15850.0,16500.0,15850.0,14203.0,227413450.0,0.0,0.0,14203.0,227413450.0,6303.0,-6303.0,0.0,0.0,101223451.0,-101223450.0,0.0,0.0
31/12/2025,16350.0,16300.0,50.0,0.00306748,16300.0,16800.0,16100.0,8705.0,141989000.0,0.0,0.0,8705.0,141989000.0,3895.0,-3895.0,0.0,0.0,63491000.0,-63491000.0,0.0,0.0
30/12/2025,16300.0,16250.0,50.0,0.00307692,15900.0,16350.0,15900.0,2422.0,39460750.0,0.0,0.0,2422.0,39460750.0,195.0,-195.0,0.0,0.0,3177000.0,-3177000.0,0.0,0.0
29/12/2025,16250.0,16250.0,0.0,0.0,16200.0,16350.0,15900.0,12287.0,198483350.0,0.0,0.0,12287.0,198483350.0,7567.0,-7513.0,0.0,-54.0,122252650.0,-121386650.0,0.0,-866700.0
26/12/2025,16250.0,16150.0,100.0,0.00619195,15950.0,16250.0,15900.0,2526.0,40584900.0,250000.0,4312500000.0,252526.0,4353084900.0,974.0,-974.0,0.0,0.0,15795100.0,-15795100.0,0.0,0.0
25/12/2025,16150.0,16350.0,-200.0,-0.01223242,15900.0,16400.0,15900.0,6200.0,99485000.0,0.0,0.0,6200.0,99485000.0,-1300.0,1300.0,0.0,0.0,-20505000.0,20505000.0,0.0,0.0
24/12/2025,16350.0,16800.0,-450.0,-0.02678571,16100.0,16600.0,15650.0,134092.0,2176865600.0,800000.0,14360000000.0,934092.0,16536865600.0,910.0,-910.0,0.0,0.0,14854700.0,-14854700.0,0.0,0.0
23/12/2025,16800.0,17150.0,-350.0,-0.02040816,16350.0,16800.0,16000.0,15615.0,254939550.0,0.0,0.0,15615.0,254939550.0,-3712.0,5612.0,0.0,-1900.0,-59715350.0,90780350.0,0.0,-31065000.0
22/12/2025,17150.0,17200.0,-50.0,-0.00290698,17200.0,17200.0,16150.0,5000.0,83850000.0,59700.0,1026840000.0,64700.0,1110690000.0,2000.0,-2000.0,0.0,0.0,32765000.0,-32765000.0,0.0,0.0
19/12/2025,17200.0,17100.0,100.0,0.00584795,17300.0,17300.0,15950.0,9682.0,158922650.0,125000.0,2137500000.0,134682.0,2296422650.0,-3205.0,3205.0,0.0,0.0,-50582400.0,50582400.0,0.0,0.0
18/12/2025,17100.0,17600.0,-500.0,-0.02840909,17700.0,17700.0,16950.0,7702.0,133829600.0,6200000.0,116560000000.0,6207702.0,116693829600.0,-1400.0,1400.0,0.0,0.0,-23930000.0,23930000.0,0.0,0.0
17/12/2025,17600.0,16800.0,800.0,0.04761905,16600.0,17800.0,16200.0,44709.0,773292800.0,0.0,0.0,44709.0,773292800.0,5560.0,-5528.0,0.0,-32.0,98064600.0,-97546600.0,0.0,-518400.0
16/12/2025,16800.0,16800.0,0.0,0.0,16800.0,16800.0,16800.0,0.0,0.0,0.0,0.0,0.0,0.0,0.0,0.0,0.0,0.0,0.0,0.0,0.0,0.0
15/12/2025,16800.0,16850.0,-50.0,-0.00296736,16850.0,16850.0,16000.0,127376.0,2129815600.0,0.0,0.0,127376.0,2129815600.0,7163.0,-7163.0,0.0,0.0,121146550.0,-121146550.0,0.0,0.0
12/12/2025,16850.0,16150.0,700.0,0.04334365,16200.0,17000.0,16150.0,28903.0,479224700.0,0.0,0.0,28903.0,479224700.0,7799.0,-7799.0,0.0,0.0,133133800.0,-133133800.0,0.0,0.0
11/12/2025,16150.0,16150.0,0.0,0.0,16150.0,16300.0,15950.0,21201.0,342286150.0,0.0,0.0,21201.0,342286150.0,1300.0,-1300.0,0.0,0.0,20680000.0,-20680000.0,0.0,0.0
10/12/2025,16150.0,16300.0,-150.0,-0.00920245,16250.0,16250.0,16150.0,700.0,11360000.0,0.0,0.0,700.0,11360000.0,500.0,-500.0,0.0,0.0,8125000.0,-8125000.0,0.0,0.0
09/12/2025,16300.0,16150.0,150.0,0.00928793,16000.0,16300.0,15550.0,11702.0,185257300.0,0.0,0.0,11702.0,185257300.0,-9500.0,9500.0,0.0,0.0,-150185000.0,150185000.0,0.0,0.0
08/12/2025,16150.0,16450.0,-300.0,-0.01823708,16400.0,16450.0,16150.0,2100.0,34450000.0,0.0,0.0,2100.0,34450000.0,1900.0,-1900.0,0.0,0.0,31220000.0,-31220000.0,0.0,0.0
05/12/2025,16450.0,16550.0,-100.0,-0.0060423,16100.0,16500.0,16100.0,9701.0,157081550.0,0.0,0.0,9701.0,157081550.0,2200.0,-2200.0,0.0,0.0,35475000.0,-35475000.0,0.0,0.0
04/12/2025,16550.0,16550.0,0.0,0.0,16550.0,16800.0,16300.0,29780.0,492348000.0,0.0,0.0,29780.0,492348000.0,22866.0,-22866.0,0.0,0.0,377960600.0,-377960600.0,0.0,0.0
03/12/2025,16550.0,16300.0,250.0,0.01533742,16300.0,16800.0,16000.0,63476.0,1018010800.0,0.0,0.0,63476.0,1018010800.0,-33476.0,33476.0,0.0,0.0,-534895801.0,534895800.0,0.0,0.0
02/12/2025,16300.0,16350.0,-50.0,-0.0030581,16000.0,16300.0,16000.0,17910.0,286945000.0,0.0,0.0,17910.0,286945000.0,-2510.0,2510.0,0.0,0.0,-40130000.0,40130000.0,0.0,0.0
01/12/2025,16350.0,16350.0,0.0,0.0,16350.0,16400.0,16100.0,12210.0,199193500.0,0.0,0.0,12210.0,199193500.0,4795.0,-4695.0,0.0,-100.0,78328250.0,-76688250.0,0.0,-1640000.0
28/11/2025,16350.0,16300.0,50.0,0.00306748,16200.0,16450.0,16000.0,10260.0,166808750.0,0.0,0.0,10260.0,166808750.0,5540.0,-5540.0,0.0,0.0,90574750.0,-90574750.0,0.0,0.0
27/11/2025,16300.0,16250.0,50.0,0.00307692,16350.0,16600.0,16200.0,6501.0,106361250.0,0.0,0.0,6501.0,106361250.0,2801.0,-2801.0,0.0,0.0,45711250.0,-45711250.0,0.0,0.0
26/11/2025,16250.0,16200.0,50.0,0.00308642,16300.0,16300.0,16150.0,13100.0,212300000.0,0.0,0.0,13100.0,212300000.0,6900.0,-6900.0,0.0,0.0,111865000.0,-111865000.0,0.0,0.0
25/11/2025,16200.0,16350.0,-150.0,-0.00917431,16350.0,16350.0,16000.0,5162.0,83457000.0,0.0,0.0,5162.0,83457000.0,51.0,-51.0,0.0,0.0,1046000.0,-1046000.0,0.0,0.0
24/11/2025,16350.0,16450.0,-100.0,-0.00607903,16450.0,16450.0,15900.0,8117.0,131532050.0,0.0,0.0,8117.0,131532050.0,2583.0,-2583.0,0.0,0.0,42497950.0,-42497950.0,0.0,0.0
21/11/2025,16450.0,16600.0,-150.0,-0.00903614,16150.0,16550.0,15900.0,8805.0,141425250.0,1963000.0,32291350000.0,1971805.0,32432775250.0,-2605.0,2605.0,0.0,0.0,-41320250.0,41320250.0,0.0,0.0
20/11/2025,16600.0,16200.0,400.0,0.02469136,16700.0,16700.0,16600.0,550.0,9140000.0,0.0,0.0,550.0,9140000.0,-54.0,54.0,0.0,0.0,-906399.0,906400.0,0.0,0.0
19/11/2025,16200.0,16650.0,-450.0,-0.02702703,16200.0,16800.0,16200.0,11050.0,179710000.0,1963000.0,32487650000.0,1974050.0,32667360000.0,-5250.0,5250.0,0.0,0.0,-84750000.0,84750000.0,0.0,0.0
18/11/2025,16650.0,16550.0,100.0,0.0060423,16250.0,16800.0,16200.0,3727.0,60982000.0,0.0,0.0,3727.0,60982000.0,1573.0,-1573.0,0.0,0.0,26048000.0,-26048000.0,0.0,0.0
17/11/2025,16550.0,16550.0,0.0,0.0,16100.0,16950.0,16100.0,4711.0,77974600.0,0.0,0.0,4711.0,77974600.0,1990.0,-1990.0,0.0,0.0,33631750.0,-33631750.0,0.0,0.0
14/11/2025,16550.0,16900.0,-350.0,-0.02071006,16600.0,16750.0,16550.0,20703.0,344163900.0,0.0,0.0,20703.0,344163900.0,1200.0,-1200.0,0.0,0.0,19915000.0,-19915000.0,0.0,0.0
13/11/2025,16900.0,16900.0,0.0,0.0,16850.0,16900.0,16400.0,20055.0,335289400.0,0.0,0.0,20055.0,335289400.0,-3800.0,3800.0,0.0,0.0,-63135000.0,63135000.0,0.0,0.0
12/11/2025,16900.0,16700.0,200.0,0.01197605,16500.0,17000.0,16000.0,37854.0,628457400.0,0.0,0.0,37854.0,628457400.0,19758.0,-19758.0,0.0,0.0,330908000.0,-330908000.0,0.0,0.0
11/11/2025,16700.0,16750.0,-50.0,-0.00298507,16750.0,16750.0,15800.0,24000.0,385165500.0,0.0,0.0,24000.0,385165500.0,13540.0,-13540.0,0.0,0.0,215878500.0,-215878500.0,0.0,0.0
10/11/2025,16750.0,16650.0,100.0,0.00600601,16850.0,16850.0,16500.0,2400.0,39795000.0,0.0,0.0,2400.0,39795000.0,2300.0,-2300.0,0.0,0.0,38145000.0,-38145000.0,0.0,0.0
07/11/2025,16650.0,16800.0,-150.0,-0.00892857,16500.0,16800.0,16400.0,12805.0,211453700.0,0.0,0.0,12805.0,211453700.0,3195.0,-3195.0,0.0,0.0,52741300.0,-52741300.0,0.0,0.0
06/11/2025,16800.0,16900.0,-100.0,-0.00591716,16500.0,16800.0,16500.0,3566.0,59861950.0,0.0,0.0,3566.0,59861950.0,2148.0,-2148.0,0.0,0.0,36126500.0,-36126500.0,0.0,0.0
05/11/2025,16900.0,16900.0,0.0,0.0,16900.0,17000.0,16900.0,6832.0,115497600.0,0.0,0.0,6832.0,115497600.0,4788.0,-4788.0,0.0,0.0,80958400.0,-80958400.0,0.0,0.0
04/11/2025,16900.0,16900.0,0.0,0.0,16650.0,17000.0,16150.0,3106.0,51524400.0,0.0,0.0,3106.0,51524400.0,1095.0,-1095.0,0.0,0.0,18382500.0,-18382500.0,0.0,0.0
03/11/2025,16900.0,16900.0,0.0,0.0,16550.0,16900.0,16550.0,312.0,5235000.0,0.0,0.0,312.0,5235000.0,193.0,-193.0,0.0,0.0,3264500.0,-3264500.0,0.0,0.0
31/10/2025,16900.0,17450.0,-550.0,-0.03151862,17450.0,17500.0,16900.0,32314.0,561044300.0,0.0,0.0,32314.0,561044300.0,3800.0,-3800.0,0.0,0.0,64570000.0,-64570000.0,0.0,0.0
30/10/2025,17450.0,17500.0,-50.0,-0.00285714,17500.0,17750.0,16950.0,24002.0,420604000.0,0.0,0.0,24002.0,420604000.0,9000.0,-9000.0,0.0,0.0,158115000.0,-158115000.0,0.0,0.0
29/10/2025,17500.0,17300.0,200.0,0.01156069,17500.0,17500.0,16950.0,87625.0,1507170000.0,0.0,0.0,87625.0,1507170000.0,-523.0,523.0,0.0,0.0,-8940200.0,8940200.0,0.0,0.0
28/10/2025,17300.0,17000.0,300.0,0.01764706,16800.0,17350.0,16600.0,17207.0,293234800.0,0.0,0.0,17207.0,293234800.0,11993.0,-11993.0,0.0,0.0,205040200.0,-205040200.0,0.0,0.0
27/10/2025,17000.0,17000.0,0.0,0.0,17250.0,17250.0,16550.0,28405.0,483580000.0,0.0,0.0,28405.0,483580000.0,3595.0,-3595.0,0.0,0.0,60955000.0,-60955000.0,0.0,0.0
24/10/2025,17000.0,16900.0,100.0,0.00591716,16500.0,17000.0,16500.0,11801.0,197591900.0,0.0,0.0,11801.0,197591900.0,1499.0,-1499.0,0.0,0.0,25533100.0,-25533100.0,0.0,0.0
23/10/2025,16900.0,16800.0,100.0,0.00595238,17200.0,17200.0,16500.0,7000.0,116755000.0,0.0,0.0,7000.0,116755000.0,2900.0,-2900.0,0.0,0.0,48645000.0,-48645000.0,0.0,0.0
22/10/2025,16800.0,16800.0,0.0,0.0,17050.0,17050.0,16600.0,24511.0,410694000.0,0.0,0.0,24511.0,410694000.0,2200.0,-2200.0,0.0,0.0,36830000.0,-36830000.0,0.0,0.0
21/10/2025,16800.0,16750.0,50.0,0.00298507,16550.0,16800.0,15950.0,42315.0,681575300.0,0.0,0.0,42315.0,681575300.0,-515.0,515.0,0.0,0.0,-8745300.0,8745300.0,0.0,0.0
20/10/2025,16750.0,16750.0,0.0,0.0,16600.0,17000.0,16200.0,12724.0,211293950.0,0.0,0.0,12724.0,211293950.0,701.0,-701.0,0.0,0.0,11041750.0,-11041750.0,0.0,0.0
17/10/2025,16750.0,16400.0,350.0,0.02134146,16400.0,16900.0,16100.0,9602.0,157198300.0,0.0,0.0,9602.0,157198300.0,-2200.0,2200.0,0.0,0.0,-35205000.0,35205000.0,0.0,0.0
16/10/2025,16400.0,16950.0,-550.0,-0.03244838,16200.0,16950.0,16200.0,3205.0,52459750.0,0.0,0.0,3205.0,52459750.0,1400.0,-1400.0,0.0,0.0,23165000.0,-23165000.0,0.0,0.0
15/10/2025,16950.0,16750.0,200.0,0.0119403,16450.0,16950.0,16400.0,5107.0,84545500.0,0.0,0.0,5107.0,84545500.0,3293.0,-3293.0,0.0,0.0,54529500.0,-54529500.0,0.0,0.0
14/10/2025,16750.0,16900.0,-150.0,-0.00887574,16900.0,16950.0,16600.0,13888.0,231618800.0,0.0,0.0,13888.0,231618800.0,1685.0,-1685.0,0.0,0.0,28293000.0,-28293000.0,0.0,0.0
13/10/2025,16900.0,17000.0,-100.0,-0.00588235,16850.0,17000.0,16800.0,2976.0,50232000.0,0.0,0.0,2976.0,50232000.0,479.0,-479.0,0.0,0.0,8108000.0,-8108000.0,0.0,0.0
10/10/2025,17000.0,17000.0,0.0,0.0,17000.0,17100.0,16750.0,16165.0,273012900.0,0.0,0.0,16165.0,273012900.0,-8185.0,8185.0,0.0,0.0,-137903000.0,137903000.0,0.0,0.0
09/10/2025,17000.0,17300.0,-300.0,-0.01734104,17350.0,17350.0,16850.0,3000.0,51265000.0,0.0,0.0,3000.0,51265000.0,-900.0,900.0,0.0,0.0,-15140000.0,15140000.0,0.0,0.0
08/10/2025,17300.0,17350.0,-50.0,-0.00288184,17350.0,17350.0,16850.0,4400.0,74550000.0,0.0,0.0,4400.0,74550000.0,1700.0,-1700.0,0.0,0.0,28730000.0,-28730000.0,0.0,0.0
07/10/2025,17350.0,17300.0,50.0,0.00289017,17400.0,17400.0,16900.0,36435.0,630870500.0,0.0,0.0,36435.0,630870500.0,1700.0,-1700.0,0.0,0.0,29435000.0,-29435000.0,0.0,0.0
06/10/2025,17300.0,17250.0,50.0,0.00289855,17300.0,17300.0,16750.0,30807.0,530220250.0,0.0,0.0,30807.0,530220250.0,2098.0,-2098.0,0.0,0.0,36511000.0,-36511000.0,0.0,0.0
03/10/2025,17250.0,17200.0,50.0,0.00290698,17000.0,17350.0,16600.0,55301.0,955487350.0,0.0,0.0,55301.0,955487350.0,1301.0,-1301.0,0.0,0.0,22972350.0,-22972350.0,0.0,0.0
02/10/2025,17200.0,17100.0,100.0,0.00584795,17100.0,17200.0,16850.0,5500.0,93765000.0,0.0,0.0,5500.0,93765000.0,500.0,-500.0,0.0,0.0,9010000.0,-9010000.0,0.0,0.0
01/10/2025,17100.0,17250.0,-150.0,-0.00869565,17000.0,17200.0,16850.0,2101.0,35677600.0,0.0,0.0,2101.0,35677600.0,-300.0,1300.0,0.0,-1000.0,-5055000.0,22055000.0,0.0,-17000000.0
30/09/2025,17250.0,17550.0,-300.0,-0.01709402,17400.0,17400.0,16750.0,30264.0,513472550.0,0.0,0.0,30264.0,513472550.0,-11902.0,11902.0,0.0,0.0,-201700050.0,201700050.0,0.0,0.0
29/09/2025,17550.0,17500.0,50.0,0.00285714,17500.0,17550.0,17000.0,36300.0,629945000.0,0.0,0.0,36300.0,629945000.0,1200.0,-1200.0,0.0,0.0,24675000.0,-24675000.0,0.0,0.0
26/09/2025,17500.0,17650.0,-150.0,-0.00849858,17450.0,17500.0,17100.0,4705.0,80975750.0,0.0,0.0,4705.0,80975750.0,-1895.0,1895.0,0.0,0.0,-32429250.0,32429250.0,0.0,0.0
25/09/2025,17650.0,17350.0,300.0,0.01729107,17150.0,17700.0,17150.0,1509.0,26501750.0,0.0,0.0,1509.0,26501750.0,-212.0,212.0,0.0,0.0,-3687050.0,3687050.0,0.0,0.0
24/09/2025,17350.0,17350.0,0.0,0.0,17150.0,17600.0,16950.0,63241.0,1096388200.0,0.0,0.0,63241.0,1096388200.0,-3300.0,3300.0,0.0,0.0,-59390000.0,59390000.0,0.0,0.0
23/09/2025,17350.0,17300.0,50.0,0.00289017,17100.0,17500.0,17100.0,58705.0,1014281500.0,0.0,0.0,58705.0,1014281500.0,-10300.0,10300.0,0.0,0.0,-179785000.0,179785000.0,0.0,0.0
22/09/2025,17300.0,17700.0,-400.0,-0.02259887,17100.0,17500.0,16600.0,54437.0,925426900.0,0.0,0.0,54437.0,925426900.0,-18300.0,18300.0,0.0,0.0,-309405000.0,309405000.0,0.0,0.0
19/09/2025,17700.0,17700.0,0.0,0.0,17850.0,17850.0,17500.0,1900.0,33695000.0,0.0,0.0,1900.0,33695000.0,300.0,-300.0,0.0,0.0,5280000.0,-5280000.0,0.0,0.0
18/09/2025,17700.0,17800.0,-100.0,-0.00561798,17800.0,17850.0,17200.0,91627.0,1589519900.0,0.0,0.0,91627.0,1589519900.0,-53884.0,53884.0,0.0,0.0,-934847700.0,934847700.0,0.0,0.0
17/09/2025,17800.0,17750.0,50.0,0.0028169,17750.0,18000.0,17550.0,64221.0,1136637150.0,0.0,0.0,64221.0,1136637150.0,-1497.0,1497.0,0.0,0.0,-25366750.0,25366750.0,0.0,0.0
16/09/2025,17750.0,18000.0,-250.0,-0.01388889,17850.0,17900.0,17700.0,43425.0,773325200.0,0.0,0.0,43425.0,773325200.0,7225.0,-7225.0,0.0,0.0,128785200.0,-128785200.0,0.0,0.0
15/09/2025,18000.0,18300.0,-300.0,-0.01639344,18200.0,18300.0,17150.0,93121.0,1635830800.0,0.0,0.0,93121.0,1635830800.0,29500.0,-29500.0,0.0,0.0,518520000.0,-518520000.0,0.0,0.0
12/09/2025,18300.0,18350.0,-50.0,-0.0027248,18350.0,18350.0,17500.0,50320.0,895163000.0,0.0,0.0,50320.0,895163000.0,-7500.0,7500.0,0.0,0.0,-131315000.0,131315000.0,0.0,0.0
11/09/2025,18350.0,18100.0,250.0,0.01381215,18100.0,18350.0,16850.0,56523.0,1008435900.0,0.0,0.0,56523.0,1008435900.0,-2081.0,2081.0,0.0,0.0,-26267300.0,26267300.0,0.0,0.0
10/09/2025,18100.0,18350.0,-250.0,-0.01362398,18250.0,18250.0,17100.0,12690.0,224123000.0,0.0,0.0,12690.0,224123000.0,2400.0,-2400.0,0.0,0.0,40895000.0,-40895000.0,0.0,0.0
09/09/2025,18350.0,18000.0,350.0,0.01944444,18000.0,18850.0,17750.0,33524.0,612377300.0,0.0,0.0,33524.0,612377300.0,8378.0,-8378.0,0.0,0.0,154054300.0,-154054300.0,0.0,0.0
08/09/2025,18000.0,18200.0,-200.0,-0.01098901,18100.0,18100.0,17500.0,126060.0,2237449000.0,0.0,0.0,126060.0,2237449000.0,68100.0,-68100.0,0.0,0.0,1217040000.0,-1217040000.0,0.0,0.0
05/09/2025,18200.0,18100.0,100.0,0.00552486,18100.0,18500.0,18000.0,105551.0,1919872500.0,0.0,0.0,105551.0,1919872500.0,-9701.0,9701.0,0.0,0.0,-177247500.0,177247500.0,0.0,0.0
04/09/2025,18100.0,17950.0,150.0,0.00835655,17900.0,18100.0,17700.0,60698.0,1085622350.0,0.0,0.0,60698.0,1085622350.0,-3451.0,3451.0,0.0,0.0,-60006600.0,60006600.0,0.0,0.0
03/09/2025,17950.0,18100.0,-150.0,-0.00828729,18000.0,18050.0,17600.0,30040.0,534802600.0,0.0,0.0,30040.0,534802600.0,-7780.0,7780.0,0.0,0.0,-138829000.0,138829000.0,0.0,0.0
29/08/2025,18100.0,18200.0,-100.0,-0.00549451,18600.0,18600.0,17900.0,71270.0,1285980300.0,0.0,0.0,71270.0,1285980300.0,39774.0,-39774.0,0.0,0.0,716471500.0,-716471500.0,0.0,0.0
28/08/2025,18200.0,18100.0,100.0,0.00552486,18400.0,18700.0,18000.0,49132.0,887744200.0,0.0,0.0,49132.0,887744200.0,-5202.0,5202.0,0.0,0.0,-93956200.0,93956200.0,0.0,0.0
27/08/2025,18100.0,18400.0,-300.0,-0.01630435,18750.0,18750.0,18100.0,18410.0,338927450.0,0.0,0.0,18410.0,338927450.0,303.0,-303.0,0.0,0.0,4455051.0,-4455050.0,0.0,0.0
26/08/2025,18400.0,18400.0,0.0,0.0,18000.0,18500.0,18000.0,54801.0,1004068400.0,0.0,0.0,54801.0,1004068400.0,30600.0,-30600.0,0.0,0.0,563155000.0,-563155000.0,0.0,0.0
25/08/2025,18400.0,18650.0,-250.0,-0.01340483,18700.0,18700.0,18000.0,38630.0,699454500.0,0.0,0.0,38630.0,699454500.0,-300.0,300.0,0.0,0.0,-4400000.0,4400000.0,0.0,0.0
22/08/2025,18650.0,18700.0,-50.0,-0.0026738,19000.0,19000.0,17900.0,130728.0,2389363600.0,0.0,0.0,130728.0,2389363600.0,-28710.0,28710.0,0.0,0.0,-515317000.0,515317000.0,0.0,0.0
21/08/2025,18700.0,18800.0,-100.0,-0.00531915,18450.0,18800.0,18100.0,104118.0,1912957100.0,0.0,0.0,104118.0,1912957100.0,10390.0,-10390.0,0.0,0.0,191110500.0,-191110500.0,0.0,0.0
20/08/2025,18800.0,18850.0,-50.0,-0.00265252,18850.0,18850.0,18050.0,91031.0,1688267900.0,0.0,0.0,91031.0,1688267900.0,21300.0,-21300.0,0.0,0.0,396870000.0,-396870000.0,0.0,0.0
19/08/2025,18850.0,18750.0,100.0,0.00533333,18750.0,19300.0,18750.0,196274.0,3730777450.0,0.0,0.0,196274.0,3730777450.0,-30892.0,34892.0,0.0,-4000.0,-586756900.0,661756900.0,0.0,-75000000.0
18/08/2025,18750.0,18150.0,600.0,0.03305785,18150.0,18900.0,18150.0,168660.0,3126591300.0,0.0,0.0,168660.0,3126591300.0,-48762.0,48762.0,0.0,0.0,-900551200.0,900551200.0,0.0,0.0
15/08/2025,18150.0,19000.0,-850.0,-0.04473684,18550.0,19000.0,18050.0,152517.0,2788363050.0,0.0,0.0,152517.0,2788363050.0,-40661.0,40661.0,0.0,0.0,-744979650.0,744979650.0,0.0,0.0
14/08/2025,19000.0,18400.0,600.0,0.0326087,18600.0,19300.0,18600.0,214461.0,4047724850.0,0.0,0.0,214461.0,4047724850.0,65740.0,-65740.0,0.0,0.0,1242933200.0,-1242933200.0,0.0,0.0
13/08/2025,18400.0,17200.0,1200.0,0.06976744,17300.0,18400.0,17250.0,377822.0,6695956750.0,0.0,0.0,377822.0,6695956750.0,-121831.0,122331.0,0.0,-500.0,-2145483250.0,2154683250.0,0.0,-9200000.0
12/08/2025,17200.0,17100.0,100.0,0.00584795,17100.0,17400.0,16800.0,139085.0,2374063600.0,0.0,0.0,139085.0,2374063600.0,-4498.0,4498.0,0.0,0.0,-76144800.0,76144800.0,0.0,0.0
11/08/2025,17100.0,16650.0,450.0,0.02702703,16650.0,17400.0,16650.0,105410.0,1791922050.0,0.0,0.0,105410.0,1791922050.0,33725.0,-33725.0,0.0,0.0,574787750.0,-574787750.0,0.0,0.0
08/08/2025,16650.0,16900.0,-250.0,-0.0147929,16900.0,17000.0,16600.0,146022.0,2444946600.0,0.0,0.0,146022.0,2444946600.0,2440.0,-2440.0,0.0,0.0,41211200.0,-41211200.0,0.0,0.0
07/08/2025,16900.0,17100.0,-200.0,-0.01169591,17200.0,17200.0,16900.0,39035.0,664276850.0,0.0,0.0,39035.0,664276850.0,91.0,-91.0,0.0,0.0,580900.0,-580900.0,0.0,0.0
06/08/2025,17100.0,16950.0,150.0,0.00884956,16950.0,17500.0,16800.0,72242.0,1224863450.0,0.0,0.0,72242.0,1224863450.0,-26201.0,26201.0,-8.0,0.0,-440907200.0,440907200.0,-135000.0,0.0
05/08/2025,16950.0,17150.0,-200.0,-0.01166181,17150.0,17800.0,16950.0,175066.0,3001458400.0,0.0,0.0,175066.0,3001458400.0,12752.0,-12752.0,0.0,0.0,217193300.0,-217193300.0,0.0,0.0
04/08/2025,17150.0,17150.0,0.0,0.0,16850.0,17200.0,16800.0,141670.0,2425526900.0,0.0,0.0,141670.0,2425526900.0,8727.0,-8727.0,0.0,0.0,146914400.0,-146914400.0,0.0,0.0
01/08/2025,17150.0,17600.0,-450.0,-0.02556818,17700.0,17700.0,17000.0,88558.0,1537329350.0,0.0,0.0,88558.0,1537329350.0,-3754.0,3754.0,0.0,0.0,-65319950.0,65319950.0,0.0,0.0
31/07/2025,17600.0,16900.0,700.0,0.04142012,17000.0,17700.0,16900.0,186953.0,3258175700.0,0.0,0.0,186953.0,3258175700.0,75659.0,-75659.0,0.0,0.0,1324097100.0,-1324097100.0,0.0,0.0
30/07/2025,16900.0,16900.0,0.0,0.0,16600.0,16950.0,16450.0,62204.0,1041572300.0,0.0,0.0,62204.0,1041572300.0,24098.0,-24098.0,0.0,0.0,403301500.0,-403301500.0,0.0,0.0
29/07/2025,16900.0,17000.0,-100.0,-0.00588235,17000.0,17000.0,16500.0,116987.0,1957624100.0,0.0,0.0,116987.0,1957624100.0,4329.0,-4329.0,0.0,0.0,72153700.0,-72153700.0,0.0,0.0
28/07/2025,17000.0,17000.0,0.0,0.0,17000.0,17000.0,16850.0,75024.0,1271955850.0,0.0,0.0,75024.0,1271955850.0,1300.0,-1300.0,0.0,0.0,23147650.0,-23147650.0,0.0,0.0
25/07/2025,17000.0,17200.0,-200.0,-0.01162791,17250.0,17250.0,16850.0,89451.0,1515853500.0,0.0,0.0,89451.0,1515853500.0,-29141.0,29141.0,0.0,0.0,-493233500.0,493233500.0,0.0,0.0
24/07/2025,17200.0,17100.0,100.0,0.00584795,17000.0,17200.0,16900.0,90866.0,1545740850.0,0.0,0.0,90866.0,1545740850.0,8431.0,-8431.0,0.0,0.0,143270100.0,-143270100.0,0.0,0.0
23/07/2025,17100.0,17100.0,0.0,0.0,17250.0,17250.0,17000.0,48697.0,833642050.0,0.0,0.0,48697.0,833642050.0,-16373.0,16373.0,0.0,0.0,-280166950.0,280166950.0,0.0,0.0
22/07/2025,17100.0,17150.0,-50.0,-0.00291545,17250.0,17300.0,16900.0,42700.0,729610000.0,0.0,0.0,42700.0,729610000.0,8800.0,-8800.0,0.0,0.0,150805000.0,-150805000.0,0.0,0.0
21/07/2025,17150.0,17050.0,100.0,0.0058651,17150.0,17450.0,17000.0,32953.0,566680850.0,0.0,0.0,32953.0,566680850.0,-4680.0,4680.0,0.0,0.0,-79333600.0,79333600.0,0.0,0.0
18/07/2025,17050.0,17350.0,-300.0,-0.01729107,16800.0,17400.0,16800.0,97254.0,1666705700.0,0.0,0.0,97254.0,1666705700.0,-33400.0,33400.0,0.0,0.0,-566915000.0,566915000.0,0.0,0.0
17/07/2025,17350.0,17500.0,-150.0,-0.00857143,17250.0,17600.0,17250.0,95667.0,1666903750.0,0.0,0.0,95667.0,1666903750.0,12580.0,-12580.0,0.0,0.0,225136100.0,-225136100.0,0.0,0.0
16/07/2025,17500.0,17450.0,50.0,0.00286533,17300.0,17600.0,17300.0,33005.0,575637300.0,0.0,0.0,33005.0,575637300.0,3600.0,-3600.0,0.0,0.0,62615000.0,-62615000.0,0.0,0.0
15/07/2025,17450.0,17800.0,-350.0,-0.01966292,17800.0,17800.0,17450.0,60044.0,1051783000.0,0.0,0.0,60044.0,1051783000.0,-22834.0,22834.0,0.0,0.0,-399720000.0,399720000.0,0.0,0.0
14/07/2025,17800.0,17750.0,50.0,0.0028169,17750.0,17850.0,17350.0,44407.0,778527850.0,0.0,0.0,44407.0,778527850.0,-6696.0,6696.0,0.0,0.0,-114834800.0,114834800.0,0.0,0.0
11/07/2025,17750.0,17900.0,-150.0,-0.00837989,17900.0,18000.0,17300.0,105400.0,1855000000.0,450000.0,8595000000.0,555400.0,10450000000.0,7100.0,-7100.0,0.0,0.0,121560000.0,-121560000.0,0.0,0.0
10/07/2025,17900.0,17900.0,0.0,0.0,17900.0,17950.0,17750.0,54386.0,971067700.0,8540000.0,163114000000.0,8594386.0,164085067700.0,29865.0,-29865.0,0.0,0.0,532752801.0,-532752800.0,0.0,0.0
09/07/2025,17900.0,17950.0,-50.0,-0.00278552,17900.0,18000.0,17700.0,129405.0,2320509900.0,0.0,0.0,129405.0,2320509900.0,35.0,-35.0,-6.0,0.0,-2887350.0,2887350.0,-102000.0,0.0
08/07/2025,17950.0,17850.0,100.0,0.00560224,17500.0,18000.0,17500.0,162376.0,2892245800.0,0.0,0.0,162376.0,2892245800.0,16990.0,-16990.0,0.0,0.0,301896450.0,-301896450.0,0.0,0.0
07/07/2025,17850.0,17850.0,0.0,0.0,17750.0,17900.0,17700.0,128722.0,2290792850.0,0.0,0.0,128722.0,2290792850.0,-8005.0,8005.0,0.0,0.0,-143194049.0,143194050.0,0.0,0.0
04/07/2025,17850.0,17600.0,250.0,0.01420455,17100.0,17900.0,17100.0,86017.0,1515492550.0,0.0,0.0,86017.0,1515492550.0,-14400.0,14400.0,0.0,0.0,-251885000.0,251885000.0,0.0,0.0
03/07/2025,17600.0,17450.0,150.0,0.00859599,17350.0,17600.0,17050.0,129627.0,2242756350.0,0.0,0.0,129627.0,2242756350.0,-64011.0,64011.0,0.0,0.0,-1102989750.0,1102989750.0,0.0,0.0
02/07/2025,17450.0,17500.0,-50.0,-0.00285714,17800.0,17800.0,17350.0,28755.0,505812000.0,0.0,0.0,28755.0,505812000.0,-795.0,795.0,0.0,0.0,-13268000.0,13268000.0,0.0,0.0
01/07/2025,17500.0,17500.0,0.0,0.0,17300.0,17550.0,17000.0,119447.0,2061180600.0,0.0,0.0,119447.0,2061180600.0,-49597.0,49597.0,0.0,0.0,-855453650.0,855453650.0,0.0,0.0
30/06/2025,17500.0,17500.0,0.0,0.0,17150.0,17650.0,17100.0,70136.0,1227511400.0,0.0,0.0,70136.0,1227511400.0,-55370.0,55370.0,0.0,0.0,-970539000.0,970539000.0,0.0,0.0
27/06/2025,17500.0,17500.0,0.0,0.0,17250.0,17500.0,17250.0,35720.0,621915000.0,0.0,0.0,35720.0,621915000.0,-21087.0,21087.0,0.0,0.0,-368312500.0,368312500.0,0.0,0.0
26/06/2025,17500.0,17500.0,0.0,0.0,17150.0,17500.0,17150.0,9021.0,155693300.0,0.0,0.0,9021.0,155693300.0,-6099.0,6099.0,0.0,0.0,-105252700.0,105252700.0,0.0,0.0
25/06/2025,17500.0,17550.0,-50.0,-0.002849,17700.0,17700.0,17200.0,16546.0,287479100.0,0.0,0.0,16546.0,287479100.0,-720.0,720.0,0.0,0.0,-12535000.0,12535000.0,0.0,0.0
24/06/2025,17550.0,17600.0,-50.0,-0.00284091,17550.0,17800.0,17250.0,69700.0,1224260000.0,0.0,0.0,69700.0,1224260000.0,-18100.0,18100.0,0.0,0.0,-317135000.0,317135000.0,0.0,0.0
23/06/2025,17600.0,17600.0,0.0,0.0,17500.0,17600.0,16400.0,81000.0,1394155000.0,250000.0,4250000000.0,331000.0,5644155000.0,0.0,0.0,0.0,0.0,-9985000.0,9985000.0,0.0,0.0
20/06/2025,17600.0,17600.0,0.0,0.0,17400.0,17600.0,17350.0,34747.0,606470600.0,10000000.0,170000000000.0,10034747.0,170606470600.0,-6369.0,6369.0,0.0,0.0,-110673000.0,110673000.0,0.0,0.0
19/06/2025,17600.0,17650.0,-50.0,-0.00283286,17650.0,17650.0,17450.0,5401.0,94952650.0,0.0,0.0,5401.0,94952650.0,601.0,-601.0,0.0,0.0,10622650.0,-10622650.0,0.0,0.0
18/06/2025,17650.0,17800.0,-150.0,-0.00842697,17750.0,17750.0,17450.0,109508.0,1922581600.0,0.0,0.0,109508.0,1922581600.0,-1500.0,1500.0,0.0,0.0,-28190000.0,28190000.0,0.0,0.0
17/06/2025,17800.0,17800.0,0.0,0.0,17500.0,17900.0,17400.0,17159.0,301464600.0,0.0,0.0,17159.0,301464600.0,3935.0,-3935.0,0.0,0.0,69539001.0,-69539000.0,0.0,0.0
16/06/2025,17800.0,17800.0,0.0,0.0,17650.0,17950.0,17400.0,32002.0,562110300.0,0.0,0.0,32002.0,562110300.0,-1902.0,1902.0,0.0,0.0,-32725300.0,32725300.0,0.0,0.0
13/06/2025,17800.0,18000.0,-200.0,-0.01111111,17500.0,17950.0,17350.0,115001.0,2010132800.0,0.0,0.0,115001.0,2010132800.0,-22900.0,22900.0,0.0,0.0,-396795000.0,396795000.0,0.0,0.0
12/06/2025,18000.0,18000.0,0.0,0.0,18000.0,18050.0,17750.0,62400.0,1121135000.0,0.0,0.0,62400.0,1121135000.0,21200.0,-21200.0,0.0,0.0,380240000.0,-380240000.0,0.0,0.0
11/06/2025,18000.0,18000.0,0.0,0.0,17750.0,18250.0,17700.0,55758.0,1004457000.0,0.0,0.0,55758.0,1004457000.0,-15400.0,15405.0,0.0,-5.0,-277360000.0,277448000.0,0.0,-88000.0
10/06/2025,18000.0,17850.0,150.0,0.00840336,17500.0,18100.0,17500.0,108327.0,1943133950.0,0.0,0.0,108327.0,1943133950.0,21804.0,-21804.0,0.0,0.0,394396400.0,-394396400.0,0.0,0.0
09/06/2025,17850.0,17950.0,-100.0,-0.00557103,17800.0,17950.0,17500.0,22904.0,405036800.0,0.0,0.0,22904.0,405036800.0,1004.0,-1004.0,0.0,0.0,19066800.0,-19066800.0,0.0,0.0
06/06/2025,17950.0,17900.0,50.0,0.0027933,17750.0,18000.0,17450.0,183600.0,3249550000.0,0.0,0.0,183600.0,3249550000.0,78600.0,-78600.0,0.0,0.0,1392575000.0,-1392575000.0,0.0,0.0
05/06/2025,17900.0,18000.0,-100.0,-0.00555556,18000.0,18300.0,17750.0,70520.0,1263250350.0,0.0,0.0,70520.0,1263250350.0,-12799.0,12799.0,0.0,0.0,-230456900.0,230456900.0,0.0,0.0
04/06/2025,18000.0,18200.0,-200.0,-0.01098901,18200.0,18300.0,18000.0,73602.0,1334271100.0,0.0,0.0,73602.0,1334271100.0,18300.0,-18300.0,0.0,0.0,331735000.0,-331735000.0,0.0,0.0
03/06/2025,18200.0,18300.0,-100.0,-0.00546448,17900.0,18700.0,17900.0,90455.0,1662607800.0,0.0,0.0,90455.0,1662607800.0,-1102.0,1212.0,0.0,-110.0,-20147000.0,22133000.0,0.0,-1986000.0
02/06/2025,18300.0,18200.0,100.0,0.00549451,17700.0,18400.0,17700.0,93946.0,1699390200.0,0.0,0.0,93946.0,1699390200.0,-8500.0,10144.0,0.0,-1644.0,-157880599.0,187088600.0,0.0,-29208600.0
30/05/2025,18200.0,18250.0,-50.0,-0.00273973,18250.0,18350.0,17600.0,169028.0,3049663050.0,0.0,0.0,169028.0,3049663050.0,-24227.0,24227.0,0.0,0.0,-446015050.0,446015050.0,0.0,0.0
29/05/2025,18250.0,18100.0,150.0,0.00828729,17700.0,18500.0,17700.0,182200.0,3282697150.0,0.0,0.0,182200.0,3282697150.0,77900.0,-77900.0,0.0,0.0,1400040000.0,-1400040000.0,0.0,0.0
28/05/2025,18100.0,18100.0,0.0,0.0,18050.0,18300.0,17550.0,53300.0,956300000.0,0.0,0.0,53300.0,956300000.0,11700.0,-11700.0,0.0,0.0,211645000.0,-211645000.0,0.0,0.0
27/05/2025,18100.0,18100.0,0.0,0.0,18000.0,18200.0,17600.0,64837.0,1163182250.0,0.0,0.0,64837.0,1163182250.0,38018.0,-38018.0,0.0,0.0,680176050.0,-680176050.0,0.0,0.0
26/05/2025,18100.0,17800.0,300.0,0.01685393,17500.0,18300.0,17250.0,127459.0,2262934800.0,0.0,0.0,127459.0,2262934800.0,50241.0,-50241.0,0.0,0.0,896315200.0,-896315200.0,0.0,0.0
23/05/2025,17800.0,17600.0,200.0,0.01136364,17600.0,17900.0,17100.0,105102.0,1824565200.0,0.0,0.0,105102.0,1824565200.0,-62001.0,62001.0,0.0,0.0,-1070722600.0,1070722600.0,0.0,0.0
22/05/2025,17600.0,17700.0,-100.0,-0.00564972,17500.0,17700.0,17200.0,94219.0,1637384650.0,0.0,0.0,94219.0,1637384650.0,5200.0,-5200.0,-8.0,0.0,89455000.0,-89455000.0,-139000.0,0.0
21/05/2025,17700.0,17900.0,-200.0,-0.01117318,18000.0,18000.0,17500.0,109403.0,1921648300.0,0.0,0.0,109403.0,1921648300.0,23099.0,-23099.0,0.0,0.0,404812350.0,-404812350.0,0.0,0.0
20/05/2025,17900.0,17800.0,100.0,0.00561798,17700.0,18000.0,17550.0,35330.0,629602000.0,0.0,0.0,35330.0,629602000.0,9000.0,-9000.0,0.0,0.0,160675000.0,-160675000.0,0.0,0.0
19/05/2025,17800.0,17800.0,0.0,0.0,17400.0,18000.0,17400.0,48171.0,852746000.0,0.0,0.0,48171.0,852746000.0,7468.0,-7468.0,0.0,0.0,132128700.0,-132128700.0,0.0,0.0
16/05/2025,17800.0,18100.0,-300.0,-0.01657459,18050.0,18050.0,17700.0,110631.0,1966812750.0,0.0,0.0,110631.0,1966812750.0,48672.0,-48672.0,0.0,0.0,861815650.0,-861815650.0,0.0,0.0
15/05/2025,18100.0,18350.0,-250.0,-0.01362398,18150.0,18400.0,17900.0,105553.0,1900830550.0,0.0,0.0,105553.0,1900830550.0,47448.0,-47448.0,0.0,0.0,854242800.0,-854242800.0,0.0,0.0
14/05/2025,18350.0,18500.0,-150.0,-0.00810811,18500.0,18500.0,17900.0,108198.0,1975193000.0,0.0,0.0,108198.0,1975193000.0,12340.0,-12340.0,0.0,0.0,221945500.0,-221945500.0,0.0,0.0
13/05/2025,18500.0,17650.0,850.0,0.04815864,17800.0,18500.0,17600.0,162962.0,2912972500.0,0.0,0.0,162962.0,2912972500.0,69154.0,-69154.0,0.0,0.0,1228555701.0,-1228555700.0,0.0,0.0
12/05/2025,17650.0,17750.0,-100.0,-0.0056338,17900.0,17900.0,17550.0,51492.0,910628800.0,0.0,0.0,51492.0,910628800.0,-2229.0,2229.0,0.0,0.0,-39239099.0,39239100.0,0.0,0.0
09/05/2025,17750.0,17800.0,-50.0,-0.00280899,18050.0,18050.0,17350.0,75504.0,1333385350.0,0.0,0.0,75504.0,1333385350.0,901.0,-901.0,0.0,0.0,16602550.0,-16602550.0,0.0,0.0
08/05/2025,17800.0,17700.0,100.0,0.00564972,17700.0,17900.0,17600.0,65676.0,1163536650.0,0.0,0.0,65676.0,1163536650.0,3354.0,-3354.0,0.0,0.0,60467250.0,-60467250.0,0.0,0.0
07/05/2025,17700.0,18050.0,-350.0,-0.01939058,18200.0,18200.0,17200.0,87975.0,1568642250.0,0.0,0.0,87975.0,1568642250.0,3099.0,-3099.0,0.0,0.0,56697500.0,-56697500.0,0.0,0.0
06/05/2025,18050.0,17200.0,850.0,0.0494186,17900.0,18200.0,17650.0,202339.0,3638309800.0,0.0,0.0,202339.0,3638309800.0,38345.0,-38345.0,0.0,0.0,693743000.0,-693743000.0,0.0,0.0
05/05/2025,17200.0,16650.0,550.0,0.03303303,16600.0,17500.0,16600.0,172481.0,2935126700.0,0.0,0.0,172481.0,2935126700.0,24701.0,-24701.0,0.0,0.0,420200800.0,-420200800.0,0.0,0.0
29/04/2025,16650.0,16700.0,-50.0,-0.00299401,16400.0,16900.0,16400.0,16045.0,264724200.0,0.0,0.0,16045.0,264724200.0,0.0,0.0,0.0,0.0,0.0,0.0,0.0,0.0
28/04/2025,16700.0,16400.0,300.0,0.01829268,16500.0,17000.0,16400.0,35323.0,587006700.0,0.0,0.0,35323.0,587006700.0,0.0,0.0,0.0,0.0,0.0,0.0,0.0,0.0
25/04/2025,16400.0,16000.0,400.0,0.025,16000.0,16500.0,15800.0,86328.0,1399493000.0,0.0,0.0,86328.0,1399493000.0,0.0,0.0,0.0,0.0,0.0,0.0,0.0,0.0
24/04/2025,16000.0,15750.0,250.0,0.01587302,15750.0,16300.0,15600.0,35575.0,565502950.0,0.0,0.0,35575.0,565502950.0,53.0,0.0,0.0,-53.0,781750.0,0.0,0.0,-781750.0
23/04/2025,15750.0,15700.0,50.0,0.00318471,15550.0,15850.0,15550.0,23700.0,370830000.0,0.0,0.0,23700.0,370830000.0,0.0,0.0,0.0,0.0,0.0,0.0,0.0,0.0
22/04/2025,15700.0,16100.0,-400.0,-0.02484472,15400.0,15800.0,15000.0,179000.0,2716575000.0,0.0,0.0,179000.0,2716575000.0,0.0,0.0,0.0,0.0,0.0,0.0,0.0,0.0
21/04/2025,16100.0,16150.0,-50.0,-0.00309598,16150.0,16500.0,15550.0,34543.0,543777150.0,0.0,0.0,34543.0,543777150.0,0.0,0.0,0.0,0.0,0.0,0.0,0.0,0.0
18/04/2025,16150.0,15950.0,200.0,0.01253918,15900.0,16250.0,15900.0,41807.0,671117000.0,0.0,0.0,41807.0,671117000.0,0.0,0.0,0.0,0.0,0.0,0.0,0.0,0.0
17/04/2025,15950.0,15950.0,0.0,0.0,15050.0,16000.0,15000.0,33632.0,522995750.0,0.0,0.0,33632.0,522995750.0,0.0,0.0,0.0,0.0,0.0,0.0,0.0,0.0
16/04/2025,15950.0,16450.0,-500.0,-0.03039514,16400.0,16450.0,15400.0,37353.0,584448400.0,0.0,0.0,37353.0,584448400.0,0.0,0.0,0.0,0.0,0.0,0.0,0.0,0.0
15/04/2025,16450.0,17000.0,-550.0,-0.03235294,16000.0,16850.0,15850.0,251266.0,3992639950.0,0.0,0.0,251266.0,3992639950.0,0.0,0.0,0.0,0.0,0.0,0.0,0.0,0.0
14/04/2025,17000.0,16900.0,100.0,0.00591716,17450.0,17450.0,15750.0,107077.0,1721677850.0,0.0,0.0,107077.0,1721677850.0,0.0,0.0,0.0,0.0,0.0,0.0,0.0,0.0
11/04/2025,16900.0,17150.0,-250.0,-0.01457726,17500.0,17500.0,15950.0,82608.0,1334477800.0,0.0,0.0,82608.0,1334477800.0,0.0,0.0,0.0,0.0,0.0,0.0,0.0,0.0
10/04/2025,17150.0,16050.0,1100.0,0.06853583,17100.0,17150.0,17000.0,460200.0,7878805000.0,0.0,0.0,460200.0,7878805000.0,-100.0,100.0,0.0,0.0,-1715000.0,1715000.0,0.0,0.0
09/04/2025,16050.0,17250.0,-1200.0,-0.06956522,16050.0,17250.0,16050.0,125416.0,2013063750.0,0.0,0.0,125416.0,2013063750.0,0.0,0.0,0.0,0.0,0.0,0.0,0.0,0.0
08/04/2025,17250.0,18500.0,-1250.0,-0.06756757,17250.0,17250.0,17250.0,18708.0,322723800.0,0.0,0.0,18708.0,322723800.0,7.0,0.0,0.0,-7.0,130200.0,0.0,0.0,-130200.0
04/04/2025,18500.0,18450.0,50.0,0.00271003,17200.0,18800.0,17200.0,391701.0,6900323000.0,0.0,0.0,391701.0,6900323000.0,-248600.0,248600.0,0.0,0.0,-4398895000.0,4398895000.0,0.0,0.0
03/04/2025,18450.0,19800.0,-1350.0,-0.06818182,18450.0,19400.0,18450.0,137000.0,2529150000.0,0.0,0.0,137000.0,2529150000.0,0.0,0.0,0.0,0.0,0.0,0.0,0.0,0.0
02/04/2025,19800.0,19950.0,-150.0,-0.0075188,19300.0,19950.0,19300.0,20200.0,397430000.0,0.0,0.0,20200.0,397430000.0,0.0,0.0,0.0,0.0,0.0,0.0,0.0,0.0
01/04/2025,19950.0,20000.0,-50.0,-0.0025,20000.0,20050.0,19300.0,27601.0,544980000.0,0.0,0.0,27601.0,544980000.0,0.0,0.0,0.0,0.0,0.0,0.0,0.0,0.0
31/03/2025,20000.0,19450.0,550.0,0.02827763,19500.0,20000.0,19450.0,117300.0,2316410000.0,0.0,0.0,117300.0,2316410000.0,0.0,0.0,0.0,0.0,0.0,0.0,0.0,0.0
28/03/2025,19450.0,19950.0,-500.0,-0.02506266,19700.0,19900.0,19200.0,45740.0,893912450.0,0.0,0.0,45740.0,893912450.0,0.0,0.0,0.0,0.0,0.0,0.0,0.0,0.0
27/03/2025,19950.0,19950.0,0.0,0.0,20000.0,20000.0,19950.0,2310.0,46139750.0,0.0,0.0,2310.0,46139750.0,0.0,0.0,0.0,0.0,0.0,0.0,0.0,0.0
26/03/2025,19950.0,19800.0,150.0,0.00757576,19800.0,20450.0,19600.0,12620.0,252540000.0,0.0,0.0,12620.0,252540000.0,0.0,0.0,0.0,0.0,0.0,0.0,0.0,0.0
25/03/2025,19800.0,19650.0,150.0,0.00763359,19600.0,19800.0,19600.0,57324.0,1127940600.0,0.0,0.0,57324.0,1127940600.0,0.0,0.0,0.0,0.0,0.0,0.0,0.0,0.0
24/03/2025,19650.0,20000.0,-350.0,-0.0175,19950.0,20050.0,19500.0,70321.0,1394684500.0,0.0,0.0,70321.0,1394684500.0,0.0,0.0,0.0,0.0,0.0,0.0,0.0,0.0
21/03/2025,20000.0,19800.0,200.0,0.01010101,19500.0,20000.0,19500.0,5000.0,99650000.0,0.0,0.0,5000.0,99650000.0,0.0,0.0,0.0,0.0,0.0,0.0,0.0,0.0
20/03/2025,19800.0,20000.0,-200.0,-0.01,19050.0,19950.0,19050.0,38801.0,764826300.0,0.0,0.0,38801.0,764826300.0,0.0,0.0,0.0,0.0,0.0,0.0,0.0,0.0
19/03/2025,20000.0,19850.0,150.0,0.00755668,19850.0,20000.0,19700.0,7300.0,145530000.0,0.0,0.0,7300.0,145530000.0,0.0,0.0,0.0,0.0,0.0,0.0,0.0,0.0
18/03/2025,19850.0,19000.0,850.0,0.04473684,19150.0,20200.0,19150.0,45520.0,897418000.0,0.0,0.0,45520.0,897418000.0,0.0,0.0,0.0,0.0,0.0,0.0,0.0,0.0
17/03/2025,19000.0,18950.0,50.0,0.00263852,19000.0,19100.0,18750.0,62406.0,1183271500.0,0.0,0.0,62406.0,1183271500.0,0.0,0.0,0.0,0.0,0.0,0.0,0.0,0.0
14/03/2025,18950.0,19150.0,-200.0,-0.01044386,19000.0,19100.0,18500.0,40900.0,771420000.0,0.0,0.0,40900.0,771420000.0,0.0,0.0,0.0,0.0,0.0,0.0,0.0,0.0
13/03/2025,19150.0,19500.0,-350.0,-0.01794872,19500.0,19800.0,19000.0,93324.0,1794127950.0,0.0,0.0,93324.0,1794127950.0,0.0,0.0,0.0,0.0,0.0,0.0,0.0,0.0
12/03/2025,19500.0,19500.0,0.0,0.0,19600.0,19800.0,19500.0,39710.0,779791500.0,0.0,0.0,39710.0,779791500.0,0.0,0.0,0.0,0.0,0.0,0.0,0.0,0.0
11/03/2025,19500.0,19700.0,-200.0,-0.01015228,19600.0,19700.0,19400.0,91733.0,1796970000.0,0.0,0.0,91733.0,1796970000.0,0.0,0.0,0.0,0.0,0.0,0.0,0.0,0.0
10/03/2025,19700.0,20050.0,-350.0,-0.01745636,19950.0,20050.0,19450.0,118322.0,2335104800.0,0.0,0.0,118322.0,2335104800.0,0.0,0.0,0.0,0.0,0.0,0.0,0.0,0.0
07/03/2025,20050.0,20100.0,-50.0,-0.00248756,20100.0,20250.0,19800.0,58400.0,1165635000.0,0.0,0.0,58400.0,1165635000.0,0.0,0.0,0.0,0.0,0.0,0.0,0.0,0.0
06/03/2025,20100.0,20100.0,0.0,0.0,20050.0,20200.0,19800.0,29302.0,584925100.0,0.0,0.0,29302.0,584925100.0,0.0,0.0,0.0,0.0,0.0,0.0,0.0,0.0
05/03/2025,20100.0,20200.0,-100.0,-0.0049505,20250.0,20250.0,19700.0,53206.0,1056360000.0,0.0,0.0,53206.0,1056360000.0,500.0,-500.0,0.0,0.0,9875000.0,-9875000.0,0.0,0.0
04/03/2025,20200.0,20250.0,-50.0,-0.00246914,20200.0,20200.0,19600.0,38476.0,764949550.0,0.0,0.0,38476.0,764949550.0,0.0,0.0,0.0,0.0,0.0,0.0,0.0,0.0
03/03/2025,20250.0,20300.0,-50.0,-0.00246305,20100.0,20350.0,19600.0,55010.0,1101240750.0,0.0,0.0,55010.0,1101240750.0,0.0,0.0,0.0,0.0,0.0,0.0,0.0,0.0
28/02/2025,20300.0,20550.0,-250.0,-0.01216545,20700.0,20700.0,19500.0,155600.0,3153920000.0,0.0,0.0,155600.0,3153920000.0,0.0,0.0,0.0,0.0,0.0,0.0,0.0,0.0
27/02/2025,20550.0,20000.0,550.0,0.0275,20100.0,20550.0,19950.0,73447.0,1478048400.0,0.0,0.0,73447.0,1478048400.0,0.0,0.0,0.0,0.0,0.0,0.0,0.0,0.0
26/02/2025,20000.0,20000.0,0.0,0.0,20400.0,20400.0,19900.0,31003.0,621380100.0,0.0,0.0,31003.0,621380100.0,500.0,-500.0,0.0,0.0,10075000.0,-10075000.0,0.0,0.0
25/02/2025,20000.0,19900.0,100.0,0.00502513,20000.0,20400.0,19850.0,49001.0,980399900.0,0.0,0.0,49001.0,980399900.0,0.0,0.0,0.0,0.0,0.0,0.0,0.0,0.0
24/02/2025,19900.0,20550.0,-650.0,-0.03163017,20500.0,20500.0,19900.0,37428.0,750928000.0,0.0,0.0,37428.0,750928000.0,3200.0,-3200.0,0.0,0.0,64800000.0,-64800000.0,0.0,0.0
21/02/2025,20550.0,20700.0,-150.0,-0.00724638,20650.0,20700.0,19900.0,100741.0,2040059500.0,0.0,0.0,100741.0,2040059500.0,0.0,0.0,0.0,0.0,0.0,0.0,0.0,0.0
20/02/2025,20700.0,21350.0,-650.0,-0.03044496,21300.0,21300.0,20400.0,98615.0,2028522000.0,0.0,0.0,98615.0,2028522000.0,-3200.0,3200.0,0.0,0.0,-65680000.0,65680000.0,0.0,0.0
19/02/2025,21350.0,21050.0,300.0,0.01425178,21450.0,21450.0,20450.0,41368.0,867738350.0,0.0,0.0,41368.0,867738350.0,0.0,0.0,0.0,0.0,0.0,0.0,0.0,0.0
18/02/2025,21050.0,21000.0,50.0,0.00238095,20950.0,22150.0,20900.0,54265.0,1144427850.0,0.0,0.0,54265.0,1144427850.0,0.0,0.0,0.0,0.0,0.0,0.0,0.0,0.0
17/02/2025,21000.0,20900.0,100.0,0.00478469,21000.0,21000.0,20700.0,81932.0,1715708800.0,0.0,0.0,81932.0,1715708800.0,0.0,0.0,0.0,0.0,0.0,0.0,0.0,0.0
14/02/2025,20900.0,20900.0,0.0,0.0,21000.0,21000.0,20500.0,59724.0,1251033300.0,0.0,0.0,59724.0,1251033300.0,0.0,0.0,0.0,0.0,0.0,0.0,0.0,0.0
13/02/2025,20900.0,20400.0,500.0,0.0245098,20200.0,20900.0,20150.0,61612.0,1257465000.0,0.0,0.0,61612.0,1257465000.0,0.0,0.0,0.0,0.0,0.0,0.0,0.0,0.0
12/02/2025,20400.0,20700.0,-300.0,-0.01449275,20750.0,22100.0,20400.0,81421.0,1698145000.0,0.0,0.0,81421.0,1698145000.0,0.0,0.0,0.0,0.0,0.0,0.0,0.0,0.0
11/02/2025,20700.0,20750.0,-50.0,-0.00240964,20800.0,20800.0,20150.0,56343.0,1155259000.0,0.0,0.0,56343.0,1155259000.0,0.0,0.0,0.0,0.0,0.0,0.0,0.0,0.0
10/02/2025,20750.0,20750.0,0.0,0.0,20100.0,20800.0,20100.0,30317.0,620259750.0,0.0,0.0,30317.0,620259750.0,0.0,0.0,0.0,0.0,0.0,0.0,0.0,0.0
07/02/2025,20750.0,20750.0,0.0,0.0,20100.0,21600.0,20100.0,50700.0,1047300000.0,0.0,0.0,50700.0,1047300000.0,2000.0,-2000.0,0.0,0.0,41500000.0,-41500000.0,0.0,0.0
06/02/2025,20750.0,20050.0,700.0,0.03491272,20050.0,20850.0,20050.0,271923.0,5599268500.0,0.0,0.0,271923.0,5599268500.0,-1000.0,1000.0,0.0,0.0,-20650000.0,20650000.0,0.0,0.0
05/02/2025,20050.0,20400.0,-350.0,-0.01715686,19500.0,20500.0,19500.0,66029.0,1329559800.0,0.0,0.0,66029.0,1329559800.0,100.0,0.0,0.0,-100.0,2050000.0,0.0,0.0,-2050000.0
04/02/2025,20400.0,20450.0,-50.0,-0.00244499,21000.0,21000.0,20250.0,86500.0,1769475000.0,0.0,0.0,86500.0,1769475000.0,0.0,0.0,0.0,0.0,0.0,0.0,0.0,0.0
03/02/2025,20450.0,19850.0,600.0,0.0302267,20000.0,21200.0,20000.0,218887.0,4528635700.0,0.0,0.0,218887.0,4528635700.0,100.0,2000.0,0.0,-2100.0,1000000.0,41000000.0,0.0,-42000000.0
24/01/2025,19850.0,19900.0,-50.0,-0.00251256,20000.0,20000.0,19550.0,96203.0,1896484550.0,0.0,0.0,96203.0,1896484550.0,3500.0,0.0,0.0,-3500.0,68775000.0,0.0,0.0,-68775000.0
23/01/2025,19900.0,19900.0,0.0,0.0,19950.0,20000.0,19550.0,54605.0,1080114000.0,0.0,0.0,54605.0,1080114000.0,700.0,0.0,0.0,-700.0,13930000.0,0.0,0.0,-13930000.0
22/01/2025,19900.0,19800.0,100.0,0.00505051,19700.0,20000.0,19550.0,85077.0,1681511200.0,0.0,0.0,85077.0,1681511200.0,0.0,0.0,0.0,0.0,0.0,0.0,0.0,0.0
21/01/2025,19800.0,19750.0,50.0,0.00253165,19950.0,19950.0,19450.0,110306.0,2174010700.0,0.0,0.0,110306.0,2174010700.0,0.0,0.0,0.0,0.0,0.0,0.0,0.0,0.0
20/01/2025,19750.0,19500.0,250.0,0.01282051,19100.0,20100.0,19100.0,175540.0,3472935300.0,0.0,0.0,175540.0,3472935300.0,5300.0,0.0,0.0,-5300.0,104940000.0,0.0,0.0,-104940000.0
17/01/2025,19500.0,19050.0,450.0,0.02362205,18300.0,19800.0,18300.0,189924.0,3690139800.0,0.0,0.0,189924.0,3690139800.0,200.0,-200.0,0.0,0.0,3915000.0,-3915000.0,0.0,0.0
16/01/2025,19050.0,19100.0,-50.0,-0.0026178,18700.0,19200.0,18700.0,80791.0,1527805850.0,0.0,0.0,80791.0,1527805850.0,0.0,0.0,0.0,0.0,0.0,0.0,0.0,0.0
15/01/2025,19100.0,18900.0,200.0,0.01058201,18900.0,19100.0,18650.0,78072.0,1473219250.0,0.0,0.0,78072.0,1473219250.0,0.0,0.0,0.0,0.0,0.0,0.0,0.0,0.0
14/01/2025,18900.0,18050.0,850.0,0.04709141,18200.0,19300.0,18200.0,270830.0,5153648650.0,0.0,0.0,270830.0,5153648650.0,0.0,0.0,0.0,0.0,0.0,0.0,0.0,0.0
13/01/2025,18050.0,18000.0,50.0,0.00277778,18000.0,18200.0,17650.0,103957.0,1870175200.0,0.0,0.0,103957.0,1870175200.0,0.0,0.0,0.0,0.0,0.0,0.0,0.0,0.0
10/01/2025,18000.0,17950.0,50.0,0.00278552,17950.0,18200.0,17600.0,50603.0,909703850.0,0.0,0.0,50603.0,909703850.0,0.0,0.0,0.0,0.0,0.0,0.0,0.0,0.0
09/01/2025,17950.0,17400.0,550.0,0.0316092,17700.0,18300.0,17500.0,133022.0,2385956000.0,0.0,0.0,133022.0,2385956000.0,0.0,0.0,0.0,0.0,0.0,0.0,0.0,0.0
08/01/2025,17400.0,17250.0,150.0,0.00869565,17450.0,17500.0,17000.0,36757.0,638072500.0,0.0,0.0,36757.0,638072500.0,0.0,0.0,0.0,0.0,0.0,0.0,0.0,0.0
07/01/2025,17250.0,16900.0,350.0,0.02071006,16800.0,17650.0,16800.0,91354.0,1551914950.0,0.0,0.0,91354.0,1551914950.0,0.0,0.0,0.0,0.0,0.0,0.0,0.0,0.0
06/01/2025,16900.0,16900.0,0.0,0.0,17000.0,17000.0,16700.0,63006.0,1064230000.0,0.0,0.0,63006.0,1064230000.0,0.0,0.0,0.0,0.0,0.0,0.0,0.0,0.0
03/01/2025,16900.0,17200.0,-300.0,-0.01744186,16350.0,17200.0,16300.0,82787.0,1371353200.0,0.0,0.0,82787.0,1371353200.0,0.0,0.0,0.0,0.0,0.0,0.0,0.0,0.0
02/01/2025,17200.0,17250.0,-50.0,-0.00289855,17250.0,17700.0,16050.0,113125.0,1870123500.0,0.0,0.0,113125.0,1870123500.0,0.0,0.0,0.0,0.0,0.0,0.0,0.0,0.0
31/12/2024,17250.0,18500.0,-1250.0,-0.06756757,18500.0,18500.0,17250.0,249404.0,4401892800.0,0.0,0.0,249404.0,4401892800.0,0.0,0.0,0.0,0.0,0.0,0.0,0.0,0.0
30/12/2024,18500.0,17300.0,1200.0,0.06936416,17000.0,18500.0,17000.0,274228.0,4977551500.0,0.0,0.0,274228.0,4977551500.0,0.0,0.0,0.0,0.0,0.0,0.0,0.0,0.0
27/12/2024,17300.0,17000.0,300.0,0.01764706,17200.0,17400.0,16900.0,60302.0,1029999200.0,0.0,0.0,60302.0,1029999200.0,0.0,0.0,0.0,0.0,0.0,0.0,0.0,0.0
26/12/2024,17000.0,16650.0,350.0,0.02102102,16300.0,17300.0,16300.0,92184.0,1559594400.0,0.0,0.0,92184.0,1559594400.0,19900.0,0.0,0.0,-19900.0,336310000.0,0.0,0.0,-336310000.0
25/12/2024,16650.0,16650.0,0.0,0.0,16400.0,16800.0,16400.0,90528.0,1503337950.0,0.0,0.0,90528.0,1503337950.0,0.0,0.0,0.0,0.0,0.0,0.0,0.0,0.0
24/12/2024,16650.0,16650.0,0.0,0.0,16350.0,16750.0,16350.0,43300.0,717090000.0,0.0,0.0,43300.0,717090000.0,0.0,0.0,0.0,0.0,0.0,0.0,0.0,0.0
23/12/2024,16650.0,16750.0,-100.0,-0.00597015,16200.0,16950.0,16200.0,78327.0,1288225450.0,0.0,0.0,78327.0,1288225450.0,0.0,0.0,0.0,0.0,0.0,0.0,0.0,0.0
20/12/2024,16750.0,16950.0,-200.0,-0.01179941,17200.0,17200.0,15800.0,141451.0,2335311950.0,0.0,0.0,141451.0,2335311950.0,0.0,0.0,0.0,0.0,0.0,0.0,0.0,0.0
19/12/2024,16950.0,16800.0,150.0,0.00892857,17500.0,17500.0,16200.0,114526.0,1917246450.0,0.0,0.0,114526.0,1917246450.0,0.0,0.0,0.0,0.0,0.0,0.0,0.0,0.0
18/12/2024,16800.0,16200.0,600.0,0.03703704,16500.0,17200.0,16500.0,253829.0,4284308700.0,0.0,0.0,253829.0,4284308700.0,0.0,0.0,0.0,0.0,0.0,0.0,0.0,0.0
17/12/2024,16200.0,15150.0,1050.0,0.06930693,15300.0,16200.0,14600.0,263431.0,4194587850.0,0.0,0.0,263431.0,4194587850.0,-1200.0,1200.0,0.0,0.0,-19120000.0,19120000.0,0.0,0.0
16/12/2024,15150.0,14700.0,450.0,0.03061224,14500.0,15150.0,14450.0,48711.0,712851700.0,0.0,0.0,48711.0,712851700.0,0.0,0.0,0.0,0.0,0.0,0.0,0.0,0.0
13/12/2024,14700.0,14600.0,100.0,0.00684932,14600.0,14800.0,14550.0,33092.0,484874200.0,0.0,0.0,33092.0,484874200.0,492.0,0.0,0.0,-492.0,7134200.0,0.0,0.0,-7134200.0
12/12/2024,14600.0,14800.0,-200.0,-0.01351351,14700.0,14850.0,14550.0,85800.0,1254180000.0,0.0,0.0,85800.0,1254180000.0,0.0,0.0,0.0,0.0,0.0,0.0,0.0,0.0
11/12/2024,14800.0,14800.0,0.0,0.0,14800.0,14900.0,14700.0,43717.0,646837500.0,0.0,0.0,43717.0,646837500.0,0.0,0.0,0.0,0.0,0.0,0.0,0.0,0.0
10/12/2024,14800.0,14800.0,0.0,0.0,14700.0,14800.0,14700.0,29105.0,430289200.0,0.0,0.0,29105.0,430289200.0,2000.0,0.0,0.0,-2000.0,29400000.0,0.0,0.0,-29400000.0
09/12/2024,14800.0,14800.0,0.0,0.0,14800.0,14850.0,14600.0,80835.0,1188661500.0,0.0,0.0,80835.0,1188661500.0,0.0,0.0,0.0,0.0,0.0,0.0,0.0,0.0
06/12/2024,14800.0,14800.0,0.0,0.0,14800.0,14800.0,14700.0,11714.0,172397200.0,0.0,0.0,11714.0,172397200.0,0.0,0.0,0.0,0.0,0.0,0.0,0.0,0.0
05/12/2024,14800.0,14800.0,0.0,0.0,14800.0,14900.0,13950.0,100602.0,1462559800.0,0.0,0.0,100602.0,1462559800.0,0.0,0.0,0.0,0.0,0.0,0.0,0.0,0.0
04/12/2024,14800.0,14950.0,-150.0,-0.01003344,14750.0,14850.0,14750.0,81210.0,1201936000.0,0.0,0.0,81210.0,1201936000.0,0.0,0.0,0.0,0.0,0.0,0.0,0.0,0.0
03/12/2024,14950.0,15050.0,-100.0,-0.00664452,15050.0,15050.0,14650.0,80397.0,1186705500.0,0.0,0.0,80397.0,1186705500.0,4000.0,-4000.0,0.0,0.0,59200000.0,-59200000.0,0.0,0.0
02/12/2024,15050.0,15100.0,-50.0,-0.00331126,15100.0,15100.0,14700.0,4303.0,64535300.0,0.0,0.0,4303.0,64535300.0,0.0,0.0,0.0,0.0,0.0,0.0,0.0,0.0
29/11/2024,15100.0,15050.0,50.0,0.00332226,15300.0,15600.0,15000.0,139047.0,2122469350.0,0.0,0.0,139047.0,2122469350.0,100.0,-100.0,0.0,0.0,1530000.0,-1530000.0,0.0,0.0
28/11/2024,15050.0,14850.0,200.0,0.01346801,14850.0,15050.0,14600.0,41016.0,613415800.0,0.0,0.0,41016.0,613415800.0,1100.0,0.0,0.0,-1100.0,16535000.0,0.0,0.0,-16535000.0
27/11/2024,14850.0,14800.0,50.0,0.00337838,15000.0,15000.0,14800.0,46101.0,687814900.0,0.0,0.0,46101.0,687814900.0,0.0,0.0,0.0,0.0,0.0,0.0,0.0,0.0
26/11/2024,14800.0,14700.0,100.0,0.00680272,14800.0,14850.0,14800.0,16109.0,238508200.0,0.0,0.0,16109.0,238508200.0,0.0,0.0,0.0,0.0,0.0,0.0,0.0,0.0
25/11/2024,14700.0,14650.0,50.0,0.00341297,14650.0,14800.0,14200.0,17009.0,249138550.0,0.0,0.0,17009.0,249138550.0,0.0,0.0,0.0,0.0,0.0,0.0,0.0,0.0
22/11/2024,14650.0,14650.0,0.0,0.0,14700.0,14700.0,14200.0,14600.0,213420000.0,0.0,0.0,14600.0,213420000.0,0.0,0.0,0.0,0.0,0.0,0.0,0.0,0.0
21/11/2024,14650.0,14500.0,150.0,0.01034483,14800.0,14800.0,14500.0,27880.0,407442000.0,0.0,0.0,27880.0,407442000.0,0.0,0.0,0.0,0.0,0.0,0.0,0.0,0.0
20/11/2024,14500.0,14400.0,100.0,0.00694444,14250.0,14850.0,14000.0,17600.0,250290000.0,0.0,0.0,17600.0,250290000.0,0.0,0.0,0.0,0.0,0.0,0.0,0.0,0.0
19/11/2024,14400.0,14600.0,-200.0,-0.01369863,14800.0,14800.0,14400.0,52600.0,765585000.0,0.0,0.0,52600.0,765585000.0,0.0,0.0,0.0,0.0,0.0,0.0,0.0,0.0
18/11/2024,14600.0,15100.0,-500.0,-0.03311258,15100.0,15100.0,14500.0,48200.0,705935000.0,0.0,0.0,48200.0,705935000.0,0.0,0.0,0.0,0.0,0.0,0.0,0.0,0.0
15/11/2024,15100.0,15100.0,0.0,0.0,15100.0,15300.0,14500.0,37202.0,557571000.0,0.0,0.0,37202.0,557571000.0,0.0,0.0,0.0,0.0,0.0,0.0,0.0,0.0
14/11/2024,15100.0,15600.0,-500.0,-0.03205128,15500.0,15500.0,15000.0,41000.0,622155000.0,0.0,0.0,41000.0,622155000.0,0.0,0.0,0.0,0.0,0.0,0.0,0.0,0.0
13/11/2024,15600.0,15750.0,-150.0,-0.00952381,15800.0,15800.0,15100.0,52231.0,807125250.0,0.0,0.0,52231.0,807125250.0,1600.0,0.0,0.0,-1600.0,25280000.0,0.0,0.0,-25280000.0
12/11/2024,15750.0,15500.0,250.0,0.01612903,15900.0,15950.0,15500.0,81138.0,1276370600.0,0.0,0.0,81138.0,1276370600.0,-61.0,61.0,-39.0,0.0,-971850.0,971850.0,-618000.0,0.0
11/11/2024,15500.0,14900.0,600.0,0.04026846,14700.0,15900.0,14700.0,244665.0,3815987000.0,0.0,0.0,244665.0,3815987000.0,0.0,0.0,0.0,0.0,0.0,0.0,0.0,0.0
08/11/2024,14900.0,14950.0,-50.0,-0.00334448,15000.0,15000.0,14550.0,30701.0,457855000.0,0.0,0.0,30701.0,457855000.0,0.0,0.0,0.0,0.0,0.0,0.0,0.0,0.0
07/11/2024,14950.0,15100.0,-150.0,-0.00993377,15100.0,15150.0,14800.0,30328.0,455907800.0,0.0,0.0,30328.0,455907800.0,0.0,0.0,0.0,0.0,0.0,0.0,0.0,0.0
06/11/2024,15100.0,15100.0,0.0,0.0,14300.0,15150.0,14300.0,46418.0,681429650.0,0.0,0.0,46418.0,681429650.0,0.0,0.0,0.0,0.0,0.0,0.0,0.0,0.0
05/11/2024,15100.0,15300.0,-200.0,-0.0130719,15200.0,15200.0,14800.0,12410.0,185489000.0,0.0,0.0,12410.0,185489000.0,0.0,0.0,0.0,0.0,0.0,0.0,0.0,0.0
04/11/2024,15300.0,15400.0,-100.0,-0.00649351,15350.0,15450.0,15250.0,26368.0,404769200.0,0.0,0.0,26368.0,404769200.0,0.0,0.0,0.0,0.0,0.0,0.0,0.0,0.0
01/11/2024,15400.0,15100.0,300.0,0.01986755,14700.0,15400.0,14650.0,64000.0,954675000.0,0.0,0.0,64000.0,954675000.0,0.0,0.0,0.0,0.0,0.0,0.0,0.0,0.0
31/10/2024,15100.0,14850.0,250.0,0.01683502,15200.0,15200.0,14600.0,7512.0,113342950.0,0.0,0.0,7512.0,113342950.0,0.0,0.0,0.0,0.0,0.0,0.0,0.0,0.0
30/10/2024,14850.0,15300.0,-450.0,-0.02941176,15100.0,15300.0,14850.0,17100.0,255860000.0,0.0,0.0,17100.0,255860000.0,0.0,0.0,0.0,0.0,0.0,0.0,0.0,0.0
29/10/2024,15300.0,15000.0,300.0,0.02,14550.0,15600.0,14550.0,15000.0,227200000.0,129200.0,1802340000.0,144200.0,2029540000.0,0.0,0.0,0.0,0.0,0.0,0.0,0.0,0.0
28/10/2024,15000.0,15100.0,-100.0,-0.00662252,15200.0,15200.0,14500.0,8147.0,119431200.0,0.0,0.0,8147.0,119431200.0,0.0,0.0,0.0,0.0,0.0,0.0,0.0,0.0
25/10/2024,15100.0,15200.0,-100.0,-0.00657895,14800.0,15200.0,14800.0,800.0,12010900.0,0.0,0.0,800.0,12010900.0,0.0,0.0,0.0,0.0,0.0,0.0,0.0,0.0
24/10/2024,15200.0,15000.0,200.0,0.01333333,15100.0,15300.0,14700.0,29600.0,447280000.0,0.0,0.0,29600.0,447280000.0,0.0,0.0,0.0,0.0,0.0,0.0,0.0,0.0
23/10/2024,15000.0,15100.0,-100.0,-0.00662252,14950.0,15000.0,14950.0,26508.0,396606600.0,0.0,0.0,26508.0,396606600.0,0.0,0.0,0.0,0.0,0.0,0.0,0.0,0.0
22/10/2024,15100.0,15150.0,-50.0,-0.00330033,15000.0,15150.0,14250.0,28001.0,416435000.0,0.0,0.0,28001.0,416435000.0,0.0,0.0,0.0,0.0,0.0,0.0,0.0,0.0
21/10/2024,15150.0,15300.0,-150.0,-0.0098,15000.0,15400.0,15000.0,47301.0,721820450.0,0.0,0.0,47301.0,721820450.0,0.0,0.0,0.0,0.0,0.0,0.0,0.0,0.0
18/10/2024,15300.0,15400.0,-100.0,-0.00649351,15000.0,15500.0,15000.0,40136.0,605509550.0,0.0,0.0,40136.0,605509550.0,0.0,0.0,0.0,0.0,0.0,0.0,0.0,0.0
17/10/2024,15400.0,15000.0,400.0,0.02666667,15400.0,15400.0,15000.0,45101.0,687530450.0,0.0,0.0,45101.0,687530450.0,0.0,0.0,0.0,0.0,0.0,0.0,0.0,0.0
16/10/2024,15000.0,15400.0,-400.0,-0.02597403,14500.0,15500.0,14500.0,108401.0,1676325500.0,0.0,0.0,108401.0,1676325500.0,0.0,0.0,0.0,0.0,0.0,0.0,0.0,0.0
15/10/2024,15400.0,15400.0,0.0,0.0,15400.0,15450.0,15000.0,44917.0,689187500.0,0.0,0.0,44917.0,689187500.0,-84.0,84.0,-16.0,0.0,-1288000.0,1288000.0,-232000.0,0.0
14/10/2024,15400.0,15450.0,-50.0,-0.00323625,15200.0,15500.0,15000.0,43673.0,668063000.0,91700.0,1320480000.0,135373.0,1988543000.0,6000.0,-6000.0,0.0,0.0,92700000.0,-92700000.0,0.0,0.0
11/10/2024,15450.0,15500.0,-50.0,-0.00322581,15700.0,15700.0,15300.0,9950.0,153502750.0,0.0,0.0,9950.0,153502750.0,0.0,0.0,0.0,0.0,0.0,0.0,0.0,0.0
10/10/2024,15500.0,15500.0,0.0,0.0,15500.0,15500.0,15200.0,33200.0,511795000.0,0.0,0.0,33200.0,511795000.0,0.0,0.0,0.0,0.0,0.0,0.0,0.0,0.0
09/10/2024,15500.0,15450.0,50.0,0.00323625,15450.0,15900.0,15400.0,45153.0,701256800.0,0.0,0.0,45153.0,701256800.0,3000.0,-3000.0,0.0,0.0,46800000.0,-46800000.0,0.0,0.0
08/10/2024,15450.0,15450.0,0.0,0.0,15150.0,15450.0,15150.0,45671.0,702406350.0,0.0,0.0,45671.0,702406350.0,520.0,0.0,0.0,-520.0,7864000.0,0.0,0.0,-7864000.0
07/10/2024,15450.0,15450.0,0.0,0.0,15450.0,15500.0,15000.0,107354.0,1645959800.0,0.0,0.0,107354.0,1645959800.0,0.0,0.0,0.0,0.0,0.0,0.0,0.0,0.0
04/10/2024,15450.0,15300.0,150.0,0.00980392,15000.0,15450.0,15000.0,25716.0,392133550.0,0.0,0.0,25716.0,392133550.0,0.0,0.0,0.0,0.0,0.0,0.0,0.0,0.0
03/10/2024,15300.0,15000.0,300.0,0.02,14950.0,15350.0,14950.0,168728.0,2575745000.0,0.0,0.0,168728.0,2575745000.0,0.0,0.0,0.0,0.0,0.0,0.0,0.0,0.0
02/10/2024,15000.0,15000.0,0.0,0.0,15000.0,15500.0,14950.0,39149.0,587908000.0,0.0,0.0,39149.0,587908000.0,0.0,0.0,0.0,0.0,0.0,0.0,0.0,0.0
01/10/2024,15000.0,14750.0,250.0,0.01694915,14700.0,15000.0,14500.0,181628.0,2694410050.0,0.0,0.0,181628.0,2694410050.0,0.0,0.0,0.0,0.0,0.0,0.0,0.0,0.0
30/09/2024,14750.0,14600.0,150.0,0.01027397,14600.0,14750.0,14600.0,64355.0,942203000.0,0.0,0.0,64355.0,942203000.0,0.0,0.0,0.0,0.0,0.0,0.0,0.0,0.0
27/09/2024,14600.0,14500.0,100.0,0.00689655,14550.0,14700.0,14500.0,56668.0,825726400.0,0.0,0.0,56668.0,825726400.0,0.0,0.0,0.0,0.0,0.0,0.0,0.0,0.0
26/09/2024,14500.0,14400.0,100.0,0.00694444,14500.0,14500.0,14200.0,180411.0,2600287100.0,0.0,0.0,180411.0,2600287100.0,0.0,0.0,0.0,0.0,0.0,0.0,0.0,0.0
25/09/2024,14400.0,14450.0,-50.0,-0.00346021,14200.0,14500.0,14200.0,25428.0,365244450.0,0.0,0.0,25428.0,365244450.0,0.0,0.0,0.0,0.0,0.0,0.0,0.0,0.0
24/09/2024,14450.0,14400.0,50.0,0.00347222,14450.0,14550.0,14300.0,47811.0,691658900.0,0.0,0.0,47811.0,691658900.0,0.0,0.0,0.0,0.0,0.0,0.0,0.0,0.0
23/09/2024,14400.0,14400.0,0.0,0.0,14300.0,14400.0,14200.0,23037.0,329177800.0,0.0,0.0,23037.0,329177800.0,7.0,-7.0,-7.0,0.0,100800.0,-100800.0,-101000.0,0.0
20/09/2024,14400.0,14600.0,-200.0,-0.01369863,14700.0,14700.0,14400.0,27000.0,394575000.0,0.0,0.0,27000.0,394575000.0,0.0,0.0,0.0,0.0,0.0,0.0,0.0,0.0
19/09/2024,14600.0,14600.0,0.0,0.0,14200.0,14700.0,14200.0,7416.0,107703400.0,0.0,0.0,7416.0,107703400.0,0.0,0.0,0.0,0.0,0.0,0.0,0.0,0.0
18/09/2024,14600.0,14600.0,0.0,0.0,14250.0,14750.0,14100.0,52501.0,748489200.0,0.0,0.0,52501.0,748489200.0,0.0,0.0,0.0,0.0,0.0,0.0,0.0,0.0
17/09/2024,14600.0,14600.0,0.0,0.0,14250.0,14600.0,14250.0,6602.0,94753500.0,0.0,0.0,6602.0,94753500.0,0.0,0.0,0.0,0.0,0.0,0.0,0.0,0.0
16/09/2024,14600.0,14400.0,200.0,0.01388889,14600.0,14600.0,14300.0,24102.0,350109000.0,0.0,0.0,24102.0,350109000.0,0.0,0.0,0.0,0.0,0.0,0.0,0.0,0.0
13/09/2024,14400.0,14400.0,0.0,0.0,14500.0,14800.0,14400.0,41011.0,600733700.0,0.0,0.0,41011.0,600733700.0,0.0,0.0,0.0,0.0,0.0,0.0,0.0,0.0
12/09/2024,14400.0,14550.0,-150.0,-0.01030928,14550.0,14550.0,14400.0,2252.0,32587550.0,0.0,0.0,2252.0,32587550.0,0.0,0.0,0.0,0.0,0.0,0.0,0.0,0.0
11/09/2024,14550.0,14600.0,-50.0,-0.00342466,14050.0,14600.0,14050.0,22960.0,332530000.0,0.0,0.0,22960.0,332530000.0,0.0,0.0,0.0,0.0,0.0,0.0,0.0,0.0
10/09/2024,14600.0,14550.0,50.0,0.00343643,14500.0,14600.0,14250.0,90615.0,1316419000.0,0.0,0.0,90615.0,1316419000.0,0.0,0.0,0.0,0.0,0.0,0.0,0.0,0.0
09/09/2024,14550.0,14450.0,100.0,0.00692042,14400.0,14550.0,14400.0,32509.0,470046500.0,0.0,0.0,32509.0,470046500.0,0.0,0.0,0.0,0.0,0.0,0.0,0.0,0.0
06/09/2024,14450.0,14450.0,0.0,0.0,14450.0,14750.0,14450.0,80445.0,1170375950.0,0.0,0.0,80445.0,1170375950.0,0.0,0.0,0.0,0.0,0.0,0.0,0.0,0.0
05/09/2024,14450.0,14450.0,0.0,0.0,14350.0,14500.0,14100.0,42540.0,611030000.0,0.0,0.0,42540.0,611030000.0,0.0,0.0,0.0,0.0,0.0,0.0,0.0,0.0
04/09/2024,14450.0,13950.0,500.0,0.03584229,13950.0,14500.0,13950.0,88325.0,1263409150.0,0.0,0.0,88325.0,1263409150.0,0.0,0.0,0.0,0.0,0.0,0.0,0.0,0.0
30/08/2024,13950.0,14000.0,-50.0,-0.00357143,13950.0,14400.0,13950.0,86810.0,1231205000.0,0.0,0.0,86810.0,1231205000.0,0.0,0.0,0.0,0.0,0.0,0.0,0.0,0.0
29/08/2024,14000.0,13950.0,50.0,0.00358423,13800.0,14000.0,13800.0,5104.0,71120200.0,0.0,0.0,5104.0,71120200.0,0.0,0.0,0.0,0.0,0.0,0.0,0.0,0.0
28/08/2024,13950.0,13650.0,300.0,0.02197802,13850.0,13950.0,13500.0,57011.0,788020700.0,0.0,0.0,57011.0,788020700.0,0.0,0.0,0.0,0.0,0.0,0.0,0.0,0.0
27/08/2024,13650.0,13800.0,-150.0,-0.01086957,13400.0,13900.0,13400.0,4400.0,59905000.0,921000.0,13584750000.0,925400.0,13644655000.0,0.0,0.0,0.0,0.0,0.0,0.0,0.0,0.0
26/08/2024,13800.0,13850.0,-50.0,-0.00361011,13900.0,13900.0,13400.0,9010.0,121714000.0,769778.0,11392714400.0,778788.0,11514428400.0,0.0,0.0,0.0,0.0,0.0,0.0,0.0,0.0
23/08/2024,13850.0,13500.0,350.0,0.02592593,13550.0,14400.0,13500.0,29243.0,406028500.0,0.0,0.0,29243.0,406028500.0,0.0,0.0,0.0,0.0,0.0,0.0,0.0,0.0
22/08/2024,13500.0,13700.0,-200.0,-0.01459854,13700.0,13800.0,13500.0,31621.0,429002150.0,0.0,0.0,31621.0,429002150.0,0.0,0.0,0.0,0.0,0.0,0.0,0.0,0.0
21/08/2024,13700.0,13750.0,-50.0,-0.00363636,13900.0,13900.0,13700.0,17435.0,240111700.0,0.0,0.0,17435.0,240111700.0,0.0,0.0,0.0,0.0,0.0,0.0,0.0,0.0
20/08/2024,13750.0,14000.0,-250.0,-0.01785714,14000.0,14000.0,13600.0,30043.0,417510750.0,0.0,0.0,30043.0,417510750.0,0.0,0.0,0.0,0.0,0.0,0.0,0.0,0.0
19/08/2024,14000.0,14000.0,0.0,0.0,14000.0,14000.0,13700.0,24600.0,341350000.0,0.0,0.0,24600.0,341350000.0,0.0,0.0,0.0,0.0,0.0,0.0,0.0,0.0
16/08/2024,14000.0,14000.0,0.0,0.0,13800.0,14000.0,13500.0,16622.0,229829450.0,0.0,0.0,16622.0,229829450.0,0.0,0.0,0.0,0.0,0.0,0.0,0.0,0.0
15/08/2024,14000.0,13800.0,200.0,0.01449275,13800.0,14000.0,12950.0,86927.0,1179637950.0,0.0,0.0,86927.0,1179637950.0,16400.0,0.0,0.0,-16400.0,218205000.0,0.0,0.0,-218205000.0
14/08/2024,13800.0,13900.0,-100.0,-0.00719424,13850.0,14000.0,13800.0,10700.0,148745000.0,0.0,0.0,10700.0,148745000.0,0.0,0.0,0.0,0.0,0.0,0.0,0.0,0.0
13/08/2024,13900.0,13900.0,0.0,0.0,13700.0,13900.0,13500.0,8224.0,113241650.0,0.0,0.0,8224.0,113241650.0,0.0,0.0,0.0,0.0,0.0,0.0,0.0,0.0
12/08/2024,13900.0,13900.0,0.0,0.0,14000.0,14000.0,13600.0,11017.0,153527350.0,0.0,0.0,11017.0,153527350.0,0.0,0.0,0.0,0.0,0.0,0.0,0.0,0.0
09/08/2024,13900.0,13800.0,100.0,0.00724638,13800.0,13900.0,13500.0,7410.0,102128000.0,0.0,0.0,7410.0,102128000.0,0.0,0.0,0.0,0.0,0.0,0.0,0.0,0.0
08/08/2024,13800.0,13500.0,300.0,0.02222222,13050.0,14100.0,13050.0,17310.0,234354050.0,0.0,0.0,17310.0,234354050.0,0.0,0.0,0.0,0.0,0.0,0.0,0.0,0.0
07/08/2024,13500.0,13950.0,-450.0,-0.03225806,13900.0,13900.0,13500.0,13800.0,191615000.0,0.0,0.0,13800.0,191615000.0,0.0,0.0,0.0,0.0,0.0,0.0,0.0,0.0
06/08/2024,13950.0,13850.0,100.0,0.00722022,13800.0,13950.0,13150.0,65000.0,900765000.0,0.0,0.0,65000.0,900765000.0,0.0,0.0,0.0,0.0,0.0,0.0,0.0,0.0
05/08/2024,13850.0,14200.0,-350.0,-0.02464789,14200.0,14200.0,13300.0,45889.0,620483800.0,0.0,0.0,45889.0,620483800.0,0.0,0.0,0.0,0.0,0.0,0.0,0.0,0.0
02/08/2024,14200.0,13800.0,400.0,0.02898551,13700.0,14300.0,13500.0,52507.0,725495500.0,0.0,0.0,52507.0,725495500.0,5100.0,-5100.0,0.0,0.0,69450000.0,-69450000.0,0.0,0.0
01/08/2024,13800.0,14300.0,-500.0,-0.03496503,14300.0,14300.0,13600.0,92709.0,1276321100.0,0.0,0.0,92709.0,1276321100.0,2000.0,-2000.0,0.0,0.0,27600000.0,-27600000.0,0.0,0.0
31/07/2024,14300.0,14200.0,100.0,0.00704225,14150.0,14600.0,14100.0,120920.0,1733478500.0,0.0,0.0,120920.0,1733478500.0,4400.0,-4400.0,0.0,0.0,63580000.0,-63580000.0,0.0,0.0
30/07/2024,14200.0,13750.0,450.0,0.03272727,13750.0,14700.0,13750.0,67535.0,957096500.0,0.0,0.0,67535.0,957096500.0,0.0,0.0,0.0,0.0,0.0,0.0,0.0,0.0
29/07/2024,13750.0,13150.0,600.0,0.04562738,13150.0,13750.0,12950.0,22330.0,295335150.0,0.0,0.0,22330.0,295335150.0,2909.0,0.0,0.0,-2909.0,37911150.0,0.0,0.0,-37911150.0
26/07/2024,13150.0,13200.0,-50.0,-0.00378788,13100.0,13200.0,12700.0,20842.0,270418500.0,0.0,0.0,20842.0,270418500.0,1000.0,0.0,0.0,-1000.0,13100000.0,0.0,0.0,-13100000.0
25/07/2024,13200.0,13150.0,50.0,0.00380228,12800.0,13250.0,12350.0,4500.0,58990000.0,0.0,0.0,4500.0,58990000.0,1000.0,-1000.0,0.0,0.0,13150000.0,-13150000.0,0.0,0.0
24/07/2024,13150.0,12700.0,450.0,0.03543307,12000.0,13200.0,11900.0,17275.0,221594900.0,0.0,0.0,17275.0,221594900.0,2000.0,-2000.0,0.0,0.0,26100000.0,-26100000.0,0.0,0.0
23/07/2024,12700.0,13500.0,-800.0,-0.05925926,13200.0,13300.0,12700.0,18456.0,239852150.0,0.0,0.0,18456.0,239852150.0,0.0,0.0,0.0,0.0,0.0,0.0,0.0,0.0
22/07/2024,13500.0,13500.0,0.0,0.0,13450.0,13500.0,13000.0,35900.0,473260000.0,0.0,0.0,35900.0,473260000.0,0.0,0.0,0.0,0.0,0.0,0.0,0.0,0.0
19/07/2024,13500.0,13500.0,0.0,0.0,13350.0,13700.0,13150.0,101402.0,1369742200.0,0.0,0.0,101402.0,1369742200.0,0.0,0.0,0.0,0.0,0.0,0.0,0.0,0.0
18/07/2024,13500.0,13500.0,0.0,0.0,13350.0,13500.0,12950.0,18100.0,240715000.0,0.0,0.0,18100.0,240715000.0,0.0,0.0,0.0,0.0,0.0,0.0,0.0,0.0
17/07/2024,13500.0,13700.0,-200.0,-0.01459854,13150.0,13500.0,13100.0,30307.0,402429150.0,0.0,0.0,30307.0,402429150.0,5000.0,-5000.0,0.0,0.0,66030000.0,-66030000.0,0.0,0.0
16/07/2024,13700.0,13700.0,0.0,0.0,13700.0,13700.0,12750.0,174202.0,2329766800.0,0.0,0.0,174202.0,2329766800.0,0.0,0.0,0.0,0.0,0.0,0.0,0.0,0.0
15/07/2024,13700.0,13900.0,-200.0,-0.01438849,13950.0,13950.0,13600.0,13305.0,182788300.0,0.0,0.0,13305.0,182788300.0,0.0,0.0,0.0,0.0,0.0,0.0,0.0,0.0
12/07/2024,13900.0,13950.0,-50.0,-0.00358423,13800.0,14000.0,13800.0,37414.0,520935650.0,0.0,0.0,37414.0,520935650.0,1.0,0.0,0.0,-1.0,13950.0,0.0,0.0,-13950.0
11/07/2024,13950.0,13700.0,250.0,0.01824818,13750.0,14000.0,13700.0,29343.0,404809850.0,0.0,0.0,29343.0,404809850.0,0.0,0.0,0.0,0.0,0.0,0.0,0.0,0.0
10/07/2024,13700.0,13750.0,-50.0,-0.00363636,13650.0,13950.0,13650.0,27511.0,377090700.0,0.0,0.0,27511.0,377090700.0,0.0,0.0,0.0,0.0,0.0,0.0,0.0,0.0
09/07/2024,13750.0,13750.0,0.0,0.0,13650.0,14000.0,13600.0,119468.0,1637176400.0,0.0,0.0,119468.0,1637176400.0,0.0,0.0,0.0,0.0,0.0,0.0,0.0,0.0
08/07/2024,13750.0,13950.0,-200.0,-0.01433692,13950.0,14050.0,13750.0,113111.0,1562771800.0,0.0,0.0,113111.0,1562771800.0,0.0,0.0,0.0,0.0,0.0,0.0,0.0,0.0
05/07/2024,13950.0,14300.0,-350.0,-0.02447552,14100.0,14400.0,13900.0,102033.0,1429180300.0,0.0,0.0,102033.0,1429180300.0,-5000.0,5000.0,0.0,0.0,-70250000.0,70250000.0,0.0,0.0
04/07/2024,14300.0,13850.0,450.0,0.03249097,13900.0,14400.0,13800.0,150107.0,2103117300.0,0.0,0.0,150107.0,2103117300.0,1700.0,-1700.0,0.0,0.0,23340000.0,-23340000.0,0.0,0.0
03/07/2024,13850.0,14150.0,-300.0,-0.02120141,14150.0,14300.0,13700.0,182301.0,2544079250.0,0.0,0.0,182301.0,2544079250.0,-7700.0,7700.0,0.0,0.0,-105395000.0,105395000.0,0.0,0.0
02/07/2024,14150.0,14250.0,-100.0,-0.00701754,14250.0,14300.0,14150.0,90236.0,1283290200.0,0.0,0.0,90236.0,1283290200.0,13200.0,-13200.0,0.0,0.0,188760000.0,-188760000.0,0.0,0.0
01/07/2024,14250.0,14750.0,-500.0,-0.03389831,14000.0,14300.0,13850.0,74016.0,1047655000.0,0.0,0.0,74016.0,1047655000.0,-200.0,200.0,0.0,0.0,-2710000.0,2710000.0,0.0,0.0
28/06/2024,14750.0,14800.0,-50.0,-0.00337838,15000.0,15000.0,14100.0,147602.0,2127569000.0,0.0,0.0,147602.0,2127569000.0,-17900.0,17900.0,0.0,0.0,-261800000.0,261800000.0,0.0,0.0
27/06/2024,14800.0,14600.0,200.0,0.01369863,14600.0,15000.0,14550.0,98163.0,1443323250.0,0.0,0.0,98163.0,1443323250.0,-7600.0,7600.0,0.0,0.0,-112015000.0,112015000.0,0.0,0.0
26/06/2024,14600.0,15250.0,-650.0,-0.04262295,15200.0,15250.0,14550.0,271189.0,4024369700.0,0.0,0.0,271189.0,4024369700.0,21400.0,-21400.0,0.0,0.0,319210000.0,-319210000.0,0.0,0.0
25/06/2024,15250.0,16350.0,-1100.0,-0.06727829,16350.0,16350.0,15250.0,191608.0,2935538350.0,0.0,0.0,191608.0,2935538350.0,-14700.0,14700.0,0.0,0.0,-226175000.0,226175000.0,0.0,0.0
24/06/2024,16350.0,16050.0,300.0,0.01869159,17150.0,17150.0,15900.0,393211.0,6437926650.0,0.0,0.0,393211.0,6437926650.0,4900.0,-4900.0,0.0,0.0,87500000.0,-87500000.0,0.0,0.0
21/06/2024,16050.0,15000.0,1050.0,0.07,15500.0,16050.0,15500.0,467304.0,7436468200.0,0.0,0.0,467304.0,7436468200.0,-17500.0,40000.0,0.0,-22500.0,-283500000.0,634500000.0,0.0,-351000000.0
20/06/2024,15000.0,14050.0,950.0,0.06761566,14300.0,15000.0,14300.0,406706.0,6045863850.0,0.0,0.0,406706.0,6045863850.0,10000.0,-10000.0,0.0,0.0,148000000.0,-148000000.0,0.0,0.0
19/06/2024,14050.0,14250.0,-200.0,-0.01403509,14200.0,14500.0,14050.0,68759.0,975017950.0,0.0,0.0,68759.0,975017950.0,5000.0,-5000.0,0.0,0.0,70610000.0,-70610000.0,0.0,0.0
18/06/2024,14250.0,14300.0,-50.0,-0.0034965,14300.0,14300.0,13900.0,59636.0,844045400.0,0.0,0.0,59636.0,844045400.0,0.0,0.0,0.0,0.0,0.0,0.0,0.0,0.0
17/06/2024,14300.0,14550.0,-250.0,-0.01718213,14950.0,15200.0,14100.0,78362.0,1144745100.0,0.0,0.0,78362.0,1144745100.0,-5000.0,5000.0,0.0,0.0,-72750000.0,72750000.0,0.0,0.0
14/06/2024,14550.0,14200.0,350.0,0.02464789,14000.0,15000.0,13900.0,163370.0,2335321450.0,0.0,0.0,163370.0,2335321450.0,10000.0,-10000.0,0.0,0.0,144000000.0,-144000000.0,0.0,0.0
13/06/2024,14200.0,14200.0,0.0,0.0,14050.0,14250.0,13950.0,121979.0,1715183700.0,0.0,0.0,121979.0,1715183700.0,0.0,0.0,0.0,0.0,0.0,0.0,0.0,0.0
12/06/2024,14200.0,14050.0,150.0,0.01067616,14000.0,14200.0,13700.0,83436.0,1166388850.0,0.0,0.0,83436.0,1166388850.0,0.0,0.0,0.0,0.0,0.0,0.0,0.0,0.0
11/06/2024,14050.0,14600.0,-550.0,-0.03767123,14550.0,14550.0,14000.0,126204.0,1789796900.0,0.0,0.0,126204.0,1789796900.0,-10000.0,10000.0,0.0,0.0,-141500000.0,141500000.0,0.0,0.0
10/06/2024,14600.0,14800.0,-200.0,-0.01351351,14850.0,14850.0,14600.0,39600.0,582970000.0,0.0,0.0,39600.0,582970000.0,0.0,0.0,0.0,0.0,0.0,0.0,0.0,0.0
07/06/2024,14800.0,14800.0,0.0,0.0,14800.0,14900.0,14600.0,78110.0,1157088500.0,0.0,0.0,78110.0,1157088500.0,0.0,0.0,0.0,0.0,0.0,0.0,0.0,0.0
06/06/2024,14800.0,14850.0,-50.0,-0.003367,14800.0,15350.0,14450.0,276436.0,4081612700.0,0.0,0.0,276436.0,4081612700.0,-4500.0,4500.0,0.0,0.0,-65475000.0,65475000.0,0.0,0.0
05/06/2024,14850.0,14400.0,450.0,0.03125,14450.0,15100.0,14450.0,152927.0,2275273500.0,0.0,0.0,152927.0,2275273500.0,25100.0,-25100.0,0.0,0.0,372655000.0,-372655000.0,0.0,0.0
04/06/2024,14400.0,14450.0,-50.0,-0.00346021,15000.0,15200.0,14200.0,299580.0,4368823250.0,0.0,0.0,299580.0,4368823250.0,-5000.0,5000.0,0.0,0.0,-62085000.0,62085000.0,0.0,0.0
03/06/2024,14450.0,13550.0,900.0,0.06642066,13650.0,14450.0,13650.0,227379.0,3266406400.0,0.0,0.0,227379.0,3266406400.0,5000.0,-5000.0,0.0,0.0,72250000.0,-72250000.0,0.0,0.0
31/05/2024,13550.0,12700.0,850.0,0.06692913,12700.0,13550.0,12700.0,147608.0,1967173350.0,60000.0,813000000.0,207608.0,2780173350.0,64100.0,-64100.0,-36100.0,0.0,854415000.0,-854415000.0,-478215000.0,0.0
30/05/2024,12700.0,13050.0,-350.0,-0.02681992,13050.0,13050.0,12600.0,79221.0,1008461400.0,930000.0,12973500000.0,1009221.0,13981961400.0,17100.0,-17100.0,-30100.0,0.0,215455000.0,-215455000.0,-380605000.0,0.0
29/05/2024,13050.0,13000.0,50.0,0.00384615,13000.0,13500.0,13000.0,83236.0,1099730150.0,0.0,0.0,83236.0,1099730150.0,21800.0,-21800.0,-21800.0,0.0,287770001.0,-287770000.0,-287770000.0,0.0
28/05/2024,13000.0,12950.0,50.0,0.003861,13100.0,13100.0,12900.0,53416.0,694850150.0,0.0,0.0,53416.0,694850150.0,12300.0,-12300.0,-12300.0,0.0,160080000.0,-160080000.0,-160080000.0,0.0
27/05/2024,12950.0,12950.0,0.0,0.0,12600.0,13000.0,12600.0,48300.0,617460000.0,0.0,0.0,48300.0,617460000.0,14000.0,-14000.0,-14000.0,0.0,178755000.0,-178755000.0,-178755000.0,0.0
24/05/2024,12950.0,13450.0,-500.0,-0.03717472,13450.0,13450.0,12750.0,68100.0,893685000.0,0.0,0.0,68100.0,893685000.0,-1000.0,1000.0,0.0,0.0,-13100000.0,13100000.0,0.0,0.0
23/05/2024,13450.0,13250.0,200.0,0.01509434,13250.0,13500.0,13200.0,59908.0,799267200.0,0.0,0.0,59908.0,799267200.0,8600.0,-8600.0,-8600.0,0.0,115490000.0,-115490000.0,-115490000.0,0.0
22/05/2024,13250.0,13500.0,-250.0,-0.01851852,13900.0,13900.0,13200.0,62138.0,831950400.0,0.0,0.0,62138.0,831950400.0,4200.0,-4200.0,-4200.0,0.0,55830000.0,-55830000.0,-55830000.0,0.0
21/05/2024,13500.0,13600.0,-100.0,-0.00735294,13800.0,14000.0,13500.0,82951.0,1138263400.0,0.0,0.0,82951.0,1138263400.0,2500.0,-2500.0,-2500.0,0.0,34390000.0,-34390000.0,-34390000.0,0.0
20/05/2024,13600.0,13600.0,0.0,0.0,13500.0,13700.0,13200.0,71813.0,961926800.0,0.0,0.0,71813.0,961926800.0,0.0,0.0,0.0,0.0,0.0,0.0,0.0,0.0
17/05/2024,13600.0,13650.0,-50.0,-0.003663,13400.0,13700.0,13400.0,89191.0,1211413250.0,1400000.0,20440000000.0,1489191.0,21651413250.0,-8000.0,8000.0,0.0,0.0,-108800000.0,108800000.0,0.0,0.0
16/05/2024,13650.0,14300.0,-650.0,-0.04545455,14500.0,14500.0,13650.0,93425.0,1290003950.0,0.0,0.0,93425.0,1290003950.0,0.0,0.0,0.0,0.0,0.0,0.0,0.0,0.0
15/05/2024,14300.0,13950.0,350.0,0.02508961,14600.0,14600.0,14100.0,226921.0,3229476100.0,0.0,0.0,226921.0,3229476100.0,400.0,-400.0,-400.0,0.0,5780000.0,-5780000.0,-5780000.0,0.0
14/05/2024,13950.0,14150.0,-200.0,-0.01413428,14150.0,14400.0,13400.0,164578.0,2277397900.0,9900000.0,149490000000.0,10064578.0,151767397900.0,14609.0,-14600.0,-8600.0,-9.0,208664150.0,-208535000.0,-121890000.0,-129150.0
13/05/2024,14150.0,13250.0,900.0,0.06792453,14000.0,14150.0,13700.0,425140.0,5995160700.0,0.0,0.0,425140.0,5995160700.0,70400.0,-70400.0,-15000.0,0.0,990790000.0,-990790000.0,-211500000.0,0.0
10/05/2024,13250.0,12400.0,850.0,0.06854839,12400.0,13250.0,12400.0,207995.0,2727350900.0,0.0,0.0,207995.0,2727350900.0,0.0,0.0,0.0,0.0,0.0,0.0,0.0,0.0
09/05/2024,12400.0,12450.0,-50.0,-0.00401606,12350.0,12450.0,12150.0,31200.0,383820000.0,7950000.0,105735000000.0,7981200.0,106118820000.0,1000.0,-1000.0,-1000.0,0.0,12450000.0,-12450000.0,-12450000.0,0.0
08/05/2024,12450.0,12650.0,-200.0,-0.01581028,12300.0,12450.0,12200.0,31200.0,383515000.0,5690000.0,76815000000.0,5721200.0,77198515000.0,0.0,0.0,0.0,0.0,0.0,0.0,0.0,0.0
07/05/2024,12650.0,12000.0,650.0,0.05416667,12000.0,12650.0,11950.0,52600.0,643470000.0,0.0,0.0,52600.0,643470000.0,5000.0,-5000.0,-5000.0,0.0,63250000.0,-63250000.0,-63250000.0,0.0
06/05/2024,12000.0,12050.0,-50.0,-0.00414938,11800.0,12200.0,11800.0,14700.0,176495000.0,0.0,0.0,14700.0,176495000.0,0.0,0.0,0.0,0.0,0.0,0.0,0.0,0.0
03/05/2024,12050.0,12100.0,-50.0,-0.00413223,12100.0,12200.0,12000.0,14501.0,174877900.0,0.0,0.0,14501.0,174877900.0,0.0,0.0,0.0,0.0,0.0,0.0,0.0,0.0
02/05/2024,12100.0,11750.0,350.0,0.02978723,12300.0,12300.0,12000.0,14700.0,178710000.0,0.0,0.0,14700.0,178710000.0,0.0,0.0,0.0,0.0,0.0,0.0,0.0,0.0
26/04/2024,11750.0,11800.0,-50.0,-0.00423729,11900.0,11900.0,11750.0,8500.0,100560000.0,0.0,0.0,8500.0,100560000.0,0.0,0.0,0.0,0.0,0.0,0.0,0.0,0.0
25/04/2024,11800.0,11800.0,0.0,0.0,11800.0,11950.0,11700.0,34702.0,408068300.0,0.0,0.0,34702.0,408068300.0,0.0,0.0,0.0,0.0,0.0,0.0,0.0,0.0
24/04/2024,11800.0,11700.0,100.0,0.00854701,11700.0,12000.0,11700.0,11512.0,136772900.0,0.0,0.0,11512.0,136772900.0,0.0,0.0,0.0,0.0,0.0,0.0,0.0,0.0
23/04/2024,11700.0,11950.0,-250.0,-0.0209205,11700.0,11950.0,11700.0,10362.0,121804700.0,0.0,0.0,10362.0,121804700.0,0.0,0.0,0.0,0.0,0.0,0.0,0.0,0.0
22/04/2024,11950.0,11850.0,100.0,0.00843882,11850.0,11950.0,11700.0,16908.0,200199800.0,0.0,0.0,16908.0,200199800.0,0.0,0.0,0.0,0.0,0.0,0.0,0.0,0.0
19/04/2024,11850.0,11850.0,0.0,0.0,11850.0,11850.0,11600.0,58500.0,685660000.0,0.0,0.0,58500.0,685660000.0,-2000.0,2000.0,0.0,0.0,-23450000.0,23450000.0,0.0,0.0
17/04/2024,11850.0,12000.0,-150.0,-0.0125,11700.0,12050.0,11700.0,17900.0,213165000.0,0.0,0.0,17900.0,213165000.0,0.0,0.0,0.0,0.0,0.0,0.0,0.0,0.0
16/04/2024,12000.0,12000.0,0.0,0.0,11700.0,12000.0,11700.0,19106.0,227992100.0,0.0,0.0,19106.0,227992100.0,0.0,0.0,0.0,0.0,0.0,0.0,0.0,0.0
15/04/2024,12000.0,12300.0,-300.0,-0.02439024,12100.0,12250.0,11850.0,43652.0,525729200.0,0.0,0.0,43652.0,525729200.0,0.0,0.0,0.0,0.0,0.0,0.0,0.0,0.0
12/04/2024,12300.0,12050.0,250.0,0.02074689,12150.0,12400.0,12050.0,32217.0,392097900.0,0.0,0.0,32217.0,392097900.0,0.0,0.0,0.0,0.0,0.0,0.0,0.0,0.0
11/04/2024,12050.0,12200.0,-150.0,-0.01229508,12200.0,12400.0,12050.0,37416.0,451965000.0,0.0,0.0,37416.0,451965000.0,-6000.0,6000.0,0.0,0.0,-72600000.0,72600000.0,0.0,0.0
10/04/2024,12200.0,12100.0,100.0,0.00826446,12150.0,12400.0,12100.0,26105.0,319797000.0,0.0,0.0,26105.0,319797000.0,-3000.0,3000.0,0.0,0.0,-37050000.0,37050000.0,0.0,0.0
09/04/2024,12100.0,12400.0,-300.0,-0.02419355,12400.0,12400.0,12100.0,7876.0,96969300.0,0.0,0.0,7876.0,96969300.0,0.0,0.0,0.0,0.0,0.0,0.0,0.0,0.0
08/04/2024,12400.0,12400.0,0.0,0.0,12400.0,12400.0,12000.0,45536.0,551805600.0,0.0,0.0,45536.0,551805600.0,0.0,0.0,0.0,0.0,0.0,0.0,0.0,0.0
05/04/2024,12400.0,12400.0,0.0,0.0,12400.0,12800.0,12350.0,35302.0,441609800.0,0.0,0.0,35302.0,441609800.0,0.0,0.0,0.0,0.0,0.0,0.0,0.0,0.0
04/04/2024,12400.0,12450.0,-50.0,-0.00401606,12450.0,12450.0,12200.0,76742.0,943598700.0,0.0,0.0,76742.0,943598700.0,0.0,0.0,0.0,0.0,0.0,0.0,0.0,0.0
03/04/2024,12450.0,12600.0,-150.0,-0.01190476,12500.0,12650.0,12350.0,205105.0,2548076500.0,0.0,0.0,205105.0,2548076500.0,4000.0,0.0,0.0,-4000.0,50400000.0,0.0,0.0,-50400000.0
02/04/2024,12600.0,12850.0,-250.0,-0.01945525,12800.0,12850.0,12350.0,42900.0,535715000.0,0.0,0.0,42900.0,535715000.0,-100.0,100.0,0.0,0.0,-1265000.0,1265000.0,0.0,0.0
01/04/2024,12850.0,12450.0,400.0,0.03212851,12350.0,13150.0,12350.0,105786.0,1357999800.0,0.0,0.0,105786.0,1357999800.0,0.0,0.0,0.0,0.0,0.0,0.0,0.0,0.0
29/03/2024,12450.0,12100.0,350.0,0.02892562,12000.0,12500.0,12000.0,49300.0,604445000.0,0.0,0.0,49300.0,604445000.0,0.0,0.0,0.0,0.0,0.0,0.0,0.0,0.0
28/03/2024,12100.0,12250.0,-150.0,-0.0122449,12250.0,12400.0,12000.0,44600.0,542490000.0,0.0,0.0,44600.0,542490000.0,0.0,0.0,0.0,0.0,0.0,0.0,0.0,0.0
27/03/2024,12250.0,12500.0,-250.0,-0.02,12450.0,12500.0,12200.0,11220.0,138035000.0,0.0,0.0,11220.0,138035000.0,0.0,0.0,0.0,0.0,0.0,0.0,0.0,0.0
26/03/2024,12500.0,12150.0,350.0,0.02880658,12000.0,12500.0,12000.0,67900.0,831485000.0,0.0,0.0,67900.0,831485000.0,0.0,0.0,0.0,0.0,0.0,0.0,0.0,0.0
25/03/2024,12150.0,12150.0,0.0,0.0,12150.0,12150.0,12000.0,57800.0,697775000.0,0.0,0.0,57800.0,697775000.0,0.0,0.0,0.0,0.0,0.0,0.0,0.0,0.0
22/03/2024,12150.0,12350.0,-200.0,-0.01619433,12300.0,12300.0,11950.0,22766.0,276592000.0,0.0,0.0,22766.0,276592000.0,0.0,0.0,0.0,0.0,0.0,0.0,0.0,0.0
21/03/2024,12350.0,11800.0,550.0,0.04661017,11800.0,12400.0,11800.0,49700.0,596935000.0,0.0,0.0,49700.0,596935000.0,0.0,0.0,0.0,0.0,0.0,0.0,0.0,0.0
20/03/2024,11800.0,11850.0,-50.0,-0.00421941,11850.0,11850.0,11400.0,31885.0,369009300.0,0.0,0.0,31885.0,369009300.0,0.0,0.0,0.0,0.0,0.0,0.0,0.0,0.0
19/03/2024,11850.0,11750.0,100.0,0.00851064,11600.0,11950.0,11100.0,12800.0,147420000.0,0.0,0.0,12800.0,147420000.0,100.0,-100.0,0.0,0.0,1095000.0,-1095000.0,0.0,0.0
18/03/2024,11750.0,12100.0,-350.0,-0.02892562,12100.0,12500.0,11600.0,37100.0,436180000.0,0.0,0.0,37100.0,436180000.0,200.0,-200.0,0.0,0.0,2420000.0,-2420000.0,0.0,0.0
15/03/2024,12100.0,12200.0,-100.0,-0.00819672,12400.0,12450.0,12050.0,90823.0,1103553150.0,428300.0,5225260000.0,519123.0,6328813150.0,0.0,0.0,0.0,0.0,0.0,0.0,0.0,0.0
14/03/2024,12200.0,11900.0,300.0,0.02521008,11900.0,12500.0,11900.0,58609.0,720728400.0,0.0,0.0,58609.0,720728400.0,0.0,0.0,0.0,0.0,0.0,0.0,0.0,0.0
13/03/2024,11900.0,11850.0,50.0,0.00421941,11700.0,11900.0,11650.0,36114.0,424233600.0,0.0,0.0,36114.0,424233600.0,0.0,0.0,0.0,0.0,0.0,0.0,0.0,0.0
12/03/2024,11850.0,11750.0,100.0,0.00851064,11800.0,11850.0,11700.0,26361.0,309996800.0,0.0,0.0,26361.0,309996800.0,-200.0,200.0,0.0,0.0,-2360000.0,2360000.0,0.0,0.0
11/03/2024,11750.0,11950.0,-200.0,-0.0167364,12000.0,12000.0,11750.0,13100.0,156275000.0,0.0,0.0,13100.0,156275000.0,0.0,0.0,0.0,0.0,0.0,0.0,0.0,0.0
08/03/2024,11950.0,11950.0,0.0,0.0,11900.0,12000.0,11850.0,17630.0,210804000.0,0.0,0.0,17630.0,210804000.0,0.0,0.0,0.0,0.0,0.0,0.0,0.0,0.0
07/03/2024,11950.0,11850.0,100.0,0.00843882,11800.0,12000.0,11800.0,9600.0,114520000.0,0.0,0.0,9600.0,114520000.0,0.0,0.0,0.0,0.0,0.0,0.0,0.0,0.0
06/03/2024,11850.0,12000.0,-150.0,-0.0125,12000.0,12200.0,11850.0,45850.0,547570000.0,0.0,0.0,45850.0,547570000.0,0.0,0.0,0.0,0.0,0.0,0.0,0.0,0.0
05/03/2024,12000.0,12200.0,-200.0,-0.01639344,12000.0,12300.0,11950.0,16809.0,201603500.0,0.0,0.0,16809.0,201603500.0,100.0,-100.0,0.0,0.0,1225000.0,-1225000.0,0.0,0.0
04/03/2024,12200.0,11900.0,300.0,0.02521008,11950.0,12250.0,11950.0,33850.0,408327500.0,0.0,0.0,33850.0,408327500.0,0.0,0.0,0.0,0.0,0.0,0.0,0.0,0.0
01/03/2024,11900.0,11950.0,-50.0,-0.0041841,12000.0,12250.0,11900.0,12209.0,145732550.0,0.0,0.0,12209.0,145732550.0,0.0,0.0,0.0,0.0,0.0,0.0,0.0,0.0
29/02/2024,11950.0,12050.0,-100.0,-0.00829876,12000.0,12050.0,11950.0,10800.0,129305000.0,0.0,0.0,10800.0,129305000.0,0.0,0.0,0.0,0.0,0.0,0.0,0.0,0.0
28/02/2024,12050.0,12200.0,-150.0,-0.01229508,12000.0,12100.0,12000.0,5900.0,70950000.0,0.0,0.0,5900.0,70950000.0,0.0,0.0,0.0,0.0,0.0,0.0,0.0,0.0
27/02/2024,12200.0,11900.0,300.0,0.02521008,11900.0,12200.0,11900.0,20213.0,241924200.0,0.0,0.0,20213.0,241924200.0,2700.0,-2700.0,0.0,0.0,32320000.0,-32320000.0,0.0,0.0
26/02/2024,11900.0,12000.0,-100.0,-0.00833333,11750.0,12000.0,11700.0,18000.0,212645000.0,0.0,0.0,18000.0,212645000.0,0.0,0.0,0.0,0.0,0.0,0.0,0.0,0.0
23/02/2024,12000.0,12100.0,-100.0,-0.00826446,12800.0,12800.0,12000.0,12260.0,148118000.0,0.0,0.0,12260.0,148118000.0,2100.0,-2100.0,0.0,0.0,25200000.0,-25200000.0,0.0,0.0
22/02/2024,12100.0,12500.0,-400.0,-0.032,12300.0,12300.0,12100.0,2902.0,35206000.0,0.0,0.0,2902.0,35206000.0,100.0,-100.0,0.0,0.0,1230000.0,-1230000.0,0.0,0.0
21/02/2024,12500.0,12250.0,250.0,0.02040816,12800.0,12800.0,11450.0,32102.0,386579400.0,0.0,0.0,32102.0,386579400.0,2000.0,0.0,0.0,-2000.0,24400000.0,0.0,0.0,-24400000.0
20/02/2024,12250.0,12400.0,-150.0,-0.01209677,12400.0,12500.0,12100.0,10200.0,125530000.0,0.0,0.0,10200.0,125530000.0,-1000.0,1000.0,0.0,0.0,-12500000.0,12500000.0,0.0,0.0
19/02/2024,12400.0,12600.0,-200.0,-0.01587302,12600.0,12600.0,12200.0,27808.0,342964200.0,0.0,0.0,27808.0,342964200.0,0.0,0.0,0.0,0.0,0.0,0.0,0.0,0.0
16/02/2024,12600.0,12700.0,-100.0,-0.00787402,12700.0,12800.0,12300.0,1400.0,17750000.0,0.0,0.0,1400.0,17750000.0,0.0,0.0,0.0,0.0,0.0,0.0,0.0,0.0
15/02/2024,12700.0,12300.0,400.0,0.03252033,12300.0,12950.0,12300.0,11308.0,142171000.0,0.0,0.0,11308.0,142171000.0,0.0,0.0,0.0,0.0,0.0,0.0,0.0,0.0
07/02/2024,12300.0,12250.0,50.0,0.00408163,12250.0,12300.0,12000.0,20600.0,249125000.0,0.0,0.0,20600.0,249125000.0,0.0,0.0,0.0,0.0,0.0,0.0,0.0,0.0
06/02/2024,12250.0,12700.0,-450.0,-0.03543307,12400.0,12700.0,12250.0,8012.0,98793300.0,0.0,0.0,8012.0,98793300.0,0.0,0.0,0.0,0.0,0.0,0.0,0.0,0.0
05/02/2024,12700.0,12500.0,200.0,0.016,12800.0,13300.0,12200.0,10005.0,124118250.0,0.0,0.0,10005.0,124118250.0,0.0,0.0,0.0,0.0,0.0,0.0,0.0,0.0
02/02/2024,12500.0,12600.0,-100.0,-0.00793651,12600.0,12800.0,12000.0,21510.0,266796000.0,0.0,0.0,21510.0,266796000.0,100.0,-100.0,0.0,0.0,1260000.0,-1260000.0,0.0,0.0
01/02/2024,12600.0,11800.0,800.0,0.06779661,11800.0,12600.0,11800.0,56900.0,704825000.0,0.0,0.0,56900.0,704825000.0,-35000.0,35000.0,0.0,0.0,-434990000.0,434990000.0,0.0,0.0
31/01/2024,11800.0,11400.0,400.0,0.03508772,11400.0,11950.0,11400.0,62200.0,736475000.0,0.0,0.0,62200.0,736475000.0,-23900.0,23900.0,0.0,0.0,-283115000.0,283115000.0,0.0,0.0
30/01/2024,11400.0,11600.0,-200.0,-0.0172,11300.0,11400.0,11300.0,16800.0,191135000.0,0.0,0.0,16800.0,191135000.0,-400.0,400.0,0.0,0.0,-4540000.0,4540000.0,0.0,0.0
29/01/2024,11600.0,11400.0,200.0,0.01754386,11400.0,11600.0,11300.0,8300.0,94430000.0,0.0,0.0,8300.0,94430000.0,0.0,0.0,0.0,0.0,-10000.0,10000.0,0.0,0.0
26/01/2024,11400.0,11400.0,0.0,0.0,11850.0,11850.0,11400.0,3100.0,35575000.0,0.0,0.0,3100.0,35575000.0,-100.0,100.0,0.0,0.0,-1165000.0,1165000.0,0.0,0.0
25/01/2024,11400.0,11600.0,-200.0,-0.01724138,11400.0,11500.0,11300.0,4600.0,52405000.0,0.0,0.0,4600.0,52405000.0,0.0,0.0,0.0,0.0,0.0,0.0,0.0,0.0
24/01/2024,11600.0,11350.0,250.0,0.02202643,11500.0,11700.0,11500.0,1510.0,17463800.0,0.0,0.0,1510.0,17463800.0,0.0,0.0,0.0,0.0,0.0,0.0,0.0,0.0
23/01/2024,11350.0,11500.0,-150.0,-0.01304348,11400.0,11500.0,11300.0,11500.0,130665000.0,0.0,0.0,11500.0,130665000.0,100.0,0.0,0.0,-100.0,1140000.0,0.0,0.0,-1140000.0
22/01/2024,11500.0,11400.0,100.0,0.00877193,11500.0,11500.0,11400.0,16430.0,187620000.0,0.0,0.0,16430.0,187620000.0,0.0,0.0,0.0,0.0,0.0,0.0,0.0,0.0
19/01/2024,11400.0,11800.0,-400.0,-0.03389831,11900.0,11900.0,11400.0,25710.0,294754000.0,0.0,0.0,25710.0,294754000.0,-2000.0,2000.0,0.0,0.0,-23500000.0,23500000.0,0.0,0.0
18/01/2024,11800.0,11650.0,150.0,0.01287554,11650.0,11800.0,11600.0,2600.0,30415000.0,0.0,0.0,2600.0,30415000.0,0.0,0.0,0.0,0.0,0.0,0.0,0.0,0.0
17/01/2024,11650.0,11650.0,0.0,0.0,11550.0,11650.0,11400.0,34000.0,391210000.0,0.0,0.0,34000.0,391210000.0,0.0,0.0,0.0,0.0,100000.0,-100000.0,0.0,0.0
16/01/2024,11650.0,11650.0,0.0,0.0,11500.0,11700.0,11400.0,13900.0,160010000.0,0.0,0.0,13900.0,160010000.0,0.0,0.0,0.0,0.0,0.0,0.0,0.0,0.0
15/01/2024,11650.0,11850.0,-200.0,-0.01687764,11850.0,11850.0,11600.0,7405.0,87083900.0,0.0,0.0,7405.0,87083900.0,0.0,0.0,0.0,0.0,0.0,0.0,0.0,0.0
12/01/2024,11850.0,11800.0,50.0,0.00423729,11700.0,11850.0,11300.0,21401.0,250481700.0,0.0,0.0,21401.0,250481700.0,0.0,0.0,0.0,0.0,0.0,0.0,0.0,0.0
11/01/2024,11800.0,11750.0,50.0,0.00425532,11650.0,11800.0,11500.0,24709.0,285914500.0,0.0,0.0,24709.0,285914500.0,1000.0,0.0,0.0,-1000.0,11635000.0,-75000.0,0.0,-11560000.0
10/01/2024,11750.0,11700.0,50.0,0.0042735,11900.0,11900.0,11600.0,5900.0,68915000.0,0.0,0.0,5900.0,68915000.0,0.0,0.0,0.0,0.0,0.0,0.0,0.0,0.0
09/01/2024,11700.0,11650.0,50.0,0.00429185,11650.0,11700.0,11650.0,18600.0,217060000.0,0.0,0.0,18600.0,217060000.0,0.0,0.0,0.0,0.0,0.0,0.0,0.0,0.0
08/01/2024,11650.0,11650.0,0.0,0.0,11650.0,11700.0,11600.0,22900.0,266860000.0,0.0,0.0,22900.0,266860000.0,10700.0,0.0,0.0,-10700.0,124655000.0,0.0,0.0,-124655000.0
05/01/2024,11650.0,11700.0,-50.0,-0.0042735,11650.0,11650.0,11550.0,23607.0,274516550.0,0.0,0.0,23607.0,274516550.0,10807.0,0.0,0.0,-10807.0,125901550.0,0.0,0.0,-125901550.0
04/01/2024,11700.0,11700.0,0.0,0.0,11700.0,11700.0,11650.0,19501.0,227646800.0,0.0,0.0,19501.0,227646800.0,500.0,0.0,0.0,-500.0,5850000.0,0.0,0.0,-5850000.0
03/01/2024,11700.0,11800.0,-100.0,-0.00847458,11800.0,11850.0,11700.0,32701.0,385661800.0,0.0,0.0,32701.0,385661800.0,0.0,0.0,0.0,0.0,0.0,0.0,0.0,0.0
02/01/2024,11800.0,11300.0,500.0,0.04424779,11850.0,11850.0,11400.0,55700.0,650090000.0,0.0,0.0,55700.0,650090000.0,100.0,-100.0,0.0,0.0,1180000.0,-1180000.0,0.0,0.0
29/12/2023,11300.0,11750.0,-450.0,-0.03829787,11800.0,11950.0,11300.0,41800.0,484030000.0,0.0,0.0,41800.0,484030000.0,0.0,0.0,0.0,0.0,0.0,0.0,0.0,0.0
28/12/2023,11750.0,11900.0,-150.0,-0.01260504,11800.0,11850.0,11750.0,18000.0,212390000.0,0.0,0.0,18000.0,212390000.0,0.0,0.0,0.0,0.0,0.0,0.0,0.0,0.0
27/12/2023,11900.0,11850.0,50.0,0.00421941,11850.0,11900.0,11800.0,16209.0,191886650.0,0.0,0.0,16209.0,191886650.0,0.0,0.0,0.0,0.0,0.0,0.0,0.0,0.0
26/12/2023,11850.0,11950.0,-100.0,-0.0083682,11900.0,11950.0,11850.0,12400.0,147470000.0,0.0,0.0,12400.0,147470000.0,0.0,0.0,0.0,0.0,0.0,0.0,0.0,0.0
25/12/2023,11950.0,11800.0,150.0,0.01271186,11800.0,11950.0,11800.0,6400.0,75850000.0,0.0,0.0,6400.0,75850000.0,0.0,0.0,0.0,0.0,0.0,0.0,0.0,0.0
22/12/2023,11800.0,11900.0,-100.0,-0.00840336,11850.0,11900.0,11750.0,10008.0,118240200.0,0.0,0.0,10008.0,118240200.0,0.0,0.0,0.0,0.0,60000.0,-60000.0,0.0,0.0
21/12/2023,11900.0,11900.0,0.0,0.0,11900.0,11900.0,11750.0,7500.0,88645000.0,0.0,0.0,7500.0,88645000.0,0.0,0.0,0.0,0.0,0.0,0.0,0.0,0.0
20/12/2023,11900.0,11900.0,0.0,0.0,11800.0,11950.0,11800.0,18500.0,218545000.0,0.0,0.0,18500.0,218545000.0,-100.0,100.0,0.0,0.0,-1195000.0,1195000.0,0.0,0.0
19/12/2023,11900.0,11950.0,-50.0,-0.0041841,11950.0,11950.0,11800.0,25805.0,305318700.0,0.0,0.0,25805.0,305318700.0,0.0,0.0,0.0,0.0,-15000.0,15000.0,0.0,0.0
18/12/2023,11950.0,11700.0,250.0,0.02136752,11750.0,11950.0,11750.0,200.0,2370000.0,0.0,0.0,200.0,2370000.0,0.0,0.0,0.0,0.0,0.0,0.0,0.0,0.0
15/12/2023,11700.0,11900.0,-200.0,-0.01680672,11900.0,11950.0,11700.0,5600.0,66195000.0,0.0,0.0,5600.0,66195000.0,0.0,0.0,0.0,0.0,-10000.0,10000.0,0.0,0.0
14/12/2023,11900.0,11800.0,100.0,0.00847458,12100.0,12150.0,11750.0,12604.0,148882200.0,0.0,0.0,12604.0,148882200.0,0.0,0.0,0.0,0.0,0.0,0.0,0.0,0.0
13/12/2023,11800.0,12200.0,-400.0,-0.03278689,11950.0,12100.0,11800.0,12500.0,148640000.0,0.0,0.0,12500.0,148640000.0,0.0,0.0,0.0,0.0,0.0,0.0,0.0,0.0
12/12/2023,12200.0,12100.0,100.0,0.00826446,12100.0,12200.0,11900.0,6710.0,80381000.0,0.0,0.0,6710.0,80381000.0,0.0,0.0,0.0,0.0,0.0,0.0,0.0,0.0
11/12/2023,12100.0,12200.0,-100.0,-0.00819672,12000.0,12100.0,11850.0,12950.0,155210500.0,0.0,0.0,12950.0,155210500.0,0.0,0.0,0.0,0.0,0.0,0.0,0.0,0.0
08/12/2023,12200.0,12250.0,-50.0,-0.00408163,12250.0,12250.0,11900.0,18810.0,227629500.0,0.0,0.0,18810.0,227629500.0,0.0,0.0,0.0,0.0,0.0,0.0,0.0,0.0
07/12/2023,12250.0,12300.0,-50.0,-0.00406504,12300.0,12300.0,11900.0,5728.0,69091150.0,0.0,0.0,5728.0,69091150.0,108.0,-100.0,0.0,-8.0,1283150.0,-1190000.0,0.0,-93150.0
06/12/2023,12300.0,12000.0,300.0,0.025,12000.0,12300.0,11950.0,30716.0,369912000.0,0.0,0.0,30716.0,369912000.0,-6000.0,6000.0,0.0,0.0,-72300000.0,72300000.0,0.0,0.0
05/12/2023,12000.0,12350.0,-350.0,-0.02834008,12000.0,12300.0,12000.0,25901.0,311397300.0,0.0,0.0,25901.0,311397300.0,-15000.0,15000.0,0.0,0.0,-180000001.0,180000000.0,0.0,0.0
04/12/2023,12350.0,11850.0,500.0,0.04219409,12000.0,12400.0,12000.0,4900.0,58910000.0,0.0,0.0,4900.0,58910000.0,0.0,0.0,0.0,0.0,0.0,0.0,0.0,0.0
01/12/2023,11850.0,12050.0,-200.0,-0.01659751,11900.0,12300.0,11800.0,19310.0,230710500.0,0.0,0.0,19310.0,230710500.0,100.0,-100.0,0.0,0.0,1205000.0,-1205000.0,0.0,0.0
30/11/2023,12050.0,12000.0,50.0,0.00416667,12400.0,12400.0,11800.0,5300.0,64210000.0,0.0,0.0,5300.0,64210000.0,0.0,0.0,0.0,0.0,0.0,0.0,0.0,0.0
29/11/2023,12000.0,11900.0,100.0,0.00840336,12350.0,12350.0,11900.0,6000.0,72040000.0,0.0,0.0,6000.0,72040000.0,0.0,0.0,0.0,0.0,0.0,0.0,0.0,0.0
28/11/2023,11900.0,11850.0,50.0,0.00421941,12000.0,12000.0,11800.0,12000.0,142800000.0,0.0,0.0,12000.0,142800000.0,0.0,0.0,0.0,0.0,0.0,0.0,0.0,0.0
27/11/2023,11850.0,12200.0,-350.0,-0.02868852,12100.0,12200.0,11800.0,7694.0,91566800.0,0.0,0.0,7694.0,91566800.0,15.0,100.0,0.0,-115.0,198000.0,1185000.0,0.0,-1383000.0
24/11/2023,12200.0,11850.0,350.0,0.02953586,11850.0,12350.0,11700.0,10302.0,122834600.0,0.0,0.0,10302.0,122834600.0,0.0,0.0,0.0,0.0,0.0,0.0,0.0,0.0
23/11/2023,11850.0,11850.0,0.0,0.0,11750.0,12400.0,11750.0,9210.0,110978500.0,0.0,0.0,9210.0,110978500.0,100.0,-100.0,0.0,0.0,1175000.0,-1175000.0,0.0,0.0
22/11/2023,11850.0,11950.0,-100.0,-0.0083682,12000.0,12000.0,11750.0,15610.0,184980850.0,0.0,0.0,15610.0,184980850.0,-100.0,100.0,0.0,0.0,-1185000.0,1185000.0,0.0,0.0
21/11/2023,11950.0,12000.0,-50.0,-0.00416667,12000.0,12000.0,11500.0,5010.0,59376000.0,0.0,0.0,5010.0,59376000.0,0.0,0.0,0.0,0.0,0.0,0.0,0.0,0.0
20/11/2023,12000.0,12000.0,0.0,0.0,11650.0,12000.0,11250.0,37350.0,438805000.0,0.0,0.0,37350.0,438805000.0,0.0,0.0,0.0,0.0,0.0,0.0,0.0,0.0
17/11/2023,12000.0,11850.0,150.0,0.01265823,11950.0,12200.0,11850.0,45101.0,542572100.0,0.0,0.0,45101.0,542572100.0,0.0,0.0,0.0,0.0,0.0,0.0,0.0,0.0
16/11/2023,11850.0,12100.0,-250.0,-0.02066116,12000.0,12000.0,11700.0,36500.0,431565000.0,0.0,0.0,36500.0,431565000.0,0.0,0.0,0.0,0.0,0.0,0.0,0.0,0.0
15/11/2023,12100.0,11900.0,200.0,0.01680672,12050.0,12150.0,11800.0,34005.0,405395500.0,0.0,0.0,34005.0,405395500.0,-6000.0,6000.0,0.0,0.0,-72000000.0,72000000.0,0.0,0.0
14/11/2023,11900.0,12150.0,-250.0,-0.02057613,12000.0,12250.0,11300.0,67913.0,788370550.0,0.0,0.0,67913.0,788370550.0,0.0,0.0,0.0,0.0,0.0,0.0,0.0,0.0
13/11/2023,12150.0,12300.0,-150.0,-0.01219512,12000.0,12250.0,11850.0,13900.0,167405000.0,0.0,0.0,13900.0,167405000.0,100.0,-100.0,0.0,0.0,1185000.0,-1185000.0,0.0,0.0
10/11/2023,12300.0,12300.0,0.0,0.0,12200.0,12300.0,11900.0,19800.0,238740000.0,0.0,0.0,19800.0,238740000.0,0.0,0.0,0.0,0.0,0.0,0.0,0.0,0.0
09/11/2023,12300.0,12200.0,100.0,0.00819672,12300.0,12350.0,12100.0,52101.0,637132000.0,0.0,0.0,52101.0,637132000.0,16200.0,-16200.0,0.0,0.0,197330000.0,-197330000.0,0.0,0.0
08/11/2023,12200.0,11550.0,650.0,0.05627706,11900.0,12200.0,11350.0,25903.0,307400850.0,0.0,0.0,25903.0,307400850.0,8800.0,-8800.0,0.0,0.0,105235001.0,-105235000.0,0.0,0.0
07/11/2023,11550.0,11850.0,-300.0,-0.02531646,11850.0,11850.0,11450.0,47600.0,553325000.0,0.0,0.0,47600.0,553325000.0,0.0,0.0,0.0,0.0,0.0,0.0,0.0,0.0
06/11/2023,11850.0,11950.0,-100.0,-0.0083682,12650.0,12650.0,11850.0,41600.0,500765000.0,0.0,0.0,41600.0,500765000.0,0.0,0.0,0.0,0.0,0.0,0.0,0.0,0.0
03/11/2023,11950.0,12300.0,-350.0,-0.02845528,12300.0,12300.0,11800.0,42600.0,507530000.0,0.0,0.0,42600.0,507530000.0,0.0,0.0,0.0,0.0,0.0,0.0,0.0,0.0
02/11/2023,12300.0,12000.0,300.0,0.025,11500.0,12400.0,11500.0,28900.0,347365000.0,0.0,0.0,28900.0,347365000.0,0.0,0.0,0.0,0.0,0.0,0.0,0.0,0.0
01/11/2023,12000.0,11950.0,50.0,0.0041841,12400.0,12750.0,11550.0,14103.0,169773250.0,0.0,0.0,14103.0,169773250.0,0.0,0.0,0.0,0.0,0.0,0.0,0.0,0.0
31/10/2023,11950.0,12800.0,-850.0,-0.06640625,12800.0,12800.0,11950.0,61000.0,738695000.0,0.0,0.0,61000.0,738695000.0,400.0,-400.0,0.0,0.0,4910000.0,-4910000.0,0.0,0.0
30/10/2023,12800.0,12600.0,200.0,0.01587302,13150.0,13150.0,12250.0,7510.0,92733000.0,0.0,0.0,7510.0,92733000.0,0.0,0.0,0.0,0.0,0.0,0.0,0.0,0.0
27/10/2023,12600.0,12250.0,350.0,0.02857143,12500.0,12800.0,11700.0,28600.0,350860000.0,0.0,0.0,28600.0,350860000.0,0.0,0.0,0.0,0.0,0.0,0.0,0.0,0.0
26/10/2023,12250.0,13150.0,-900.0,-0.06844106,13000.0,13000.0,12250.0,46980.0,580494100.0,0.0,0.0,46980.0,580494100.0,0.0,0.0,0.0,0.0,0.0,0.0,0.0,0.0
25/10/2023,13150.0,13200.0,-50.0,-0.00378788,13050.0,13850.0,13050.0,22000.0,294090000.0,0.0,0.0,22000.0,294090000.0,0.0,0.0,0.0,0.0,0.0,0.0,0.0,0.0
24/10/2023,13200.0,13400.0,-200.0,-0.01492537,13500.0,13500.0,12500.0,23780.0,308288000.0,0.0,0.0,23780.0,308288000.0,0.0,0.0,0.0,0.0,0.0,0.0,0.0,0.0
23/10/2023,13400.0,13750.0,-350.0,-0.02545455,13150.0,13500.0,13050.0,14102.0,185966100.0,0.0,0.0,14102.0,185966100.0,-200.0,200.0,0.0,0.0,-2680000.0,2680000.0,0.0,0.0
20/10/2023,13750.0,13200.0,550.0,0.04166667,13700.0,13750.0,13000.0,21701.0,292013700.0,0.0,0.0,21701.0,292013700.0,0.0,0.0,0.0,0.0,0.0,0.0,0.0,0.0
19/10/2023,13200.0,13450.0,-250.0,-0.01858736,14000.0,14000.0,13200.0,13800.0,184685000.0,0.0,0.0,13800.0,184685000.0,0.0,0.0,0.0,0.0,0.0,0.0,0.0,0.0
18/10/2023,13450.0,13750.0,-300.0,-0.02181818,14000.0,14000.0,13400.0,20800.0,283455000.0,0.0,0.0,20800.0,283455000.0,100.0,-100.0,0.0,0.0,1370000.0,-1370000.0,0.0,0.0
17/10/2023,13750.0,14200.0,-450.0,-0.03169014,14100.0,14400.0,13750.0,55509.0,782485700.0,0.0,0.0,55509.0,782485700.0,0.0,0.0,0.0,0.0,0.0,0.0,0.0,0.0
16/10/2023,14200.0,14050.0,150.0,0.01067616,14050.0,14500.0,13850.0,50100.0,707790000.0,0.0,0.0,50100.0,707790000.0,0.0,0.0,0.0,0.0,0.0,0.0,0.0,0.0
13/10/2023,14050.0,14100.0,-50.0,-0.0035461,14000.0,14100.0,13650.0,44100.0,616650000.0,0.0,0.0,44100.0,616650000.0,0.0,0.0,0.0,0.0,0.0,0.0,0.0,0.0
12/10/2023,14100.0,14500.0,-400.0,-0.02758621,14450.0,14450.0,14000.0,28200.0,401900000.0,0.0,0.0,28200.0,401900000.0,0.0,0.0,0.0,0.0,0.0,0.0,0.0,0.0
11/10/2023,14500.0,14000.0,500.0,0.03571429,13900.0,14500.0,13750.0,30700.0,429155000.0,0.0,0.0,30700.0,429155000.0,0.0,0.0,0.0,0.0,0.0,0.0,0.0,0.0
10/10/2023,14000.0,13800.0,200.0,0.01449275,13700.0,14100.0,13550.0,29276.0,406833800.0,0.0,0.0,29276.0,406833800.0,0.0,0.0,0.0,0.0,0.0,0.0,0.0,0.0
09/10/2023,13800.0,14000.0,-200.0,-0.01428571,13750.0,14000.0,13750.0,18100.0,249890000.0,0.0,0.0,18100.0,249890000.0,0.0,0.0,0.0,0.0,0.0,0.0,0.0,0.0
06/10/2023,14000.0,14000.0,0.0,0.0,13500.0,14100.0,13500.0,15800.0,219630000.0,0.0,0.0,15800.0,219630000.0,0.0,0.0,0.0,0.0,0.0,0.0,0.0,0.0
05/10/2023,14000.0,14350.0,-350.0,-0.02439024,13450.0,14200.0,13450.0,16000.0,222740000.0,0.0,0.0,16000.0,222740000.0,300.0,0.0,0.0,-300.0,4035000.0,0.0,0.0,-4035000.0
04/10/2023,14350.0,14150.0,200.0,0.01413428,14100.0,14350.0,14100.0,6500.0,92055000.0,0.0,0.0,6500.0,92055000.0,0.0,0.0,0.0,0.0,0.0,0.0,0.0,0.0
03/10/2023,14150.0,14350.0,-200.0,-0.01393728,14350.0,14350.0,13500.0,43812.0,610017800.0,0.0,0.0,43812.0,610017800.0,1000.0,0.0,0.0,-1000.0,14350000.0,0.0,0.0,-14350000.0
02/10/2023,14350.0,14200.0,150.0,0.01056338,14500.0,14500.0,14000.0,26250.0,372325000.0,0.0,0.0,26250.0,372325000.0,0.0,0.0,0.0,0.0,0.0,0.0,0.0,0.0
29/09/2023,14200.0,14350.0,-150.0,-0.01045296,14750.0,14750.0,14000.0,41800.0,588015000.0,0.0,0.0,41800.0,588015000.0,0.0,0.0,0.0,0.0,0.0,0.0,0.0,0.0
28/09/2023,14350.0,14400.0,-50.0,-0.00347222,13650.0,14400.0,13650.0,11500.0,161370000.0,0.0,0.0,11500.0,161370000.0,0.0,0.0,0.0,0.0,0.0,0.0,0.0,0.0
27/09/2023,14400.0,14000.0,400.0,0.02857143,14000.0,14400.0,13500.0,11400.0,160780000.0,0.0,0.0,11400.0,160780000.0,0.0,0.0,0.0,0.0,0.0,0.0,0.0,0.0
26/09/2023,14000.0,13500.0,500.0,0.03703704,13500.0,14200.0,13500.0,15400.0,209470000.0,0.0,0.0,15400.0,209470000.0,0.0,0.0,0.0,0.0,0.0,0.0,0.0,0.0
25/09/2023,13500.0,14500.0,-1000.0,-0.06896552,14500.0,15200.0,13500.0,109300.0,1539295000.0,0.0,0.0,109300.0,1539295000.0,0.0,0.0,0.0,0.0,0.0,0.0,0.0,0.0
22/09/2023,14500.0,14800.0,-300.0,-0.02027027,14700.0,15050.0,14350.0,127100.0,1849980000.0,0.0,0.0,127100.0,1849980000.0,11000.0,-11000.0,0.0,0.0,161250000.0,-161250000.0,0.0,0.0
21/09/2023,14800.0,15400.0,-600.0,-0.03896104,15400.0,15400.0,14800.0,38000.0,568635000.0,0.0,0.0,38000.0,568635000.0,0.0,0.0,0.0,0.0,0.0,0.0,0.0,0.0
20/09/2023,15400.0,14400.0,1000.0,0.06944444,14400.0,15400.0,14400.0,42001.0,620189600.0,0.0,0.0,42001.0,620189600.0,-100.0,100.0,0.0,0.0,-1475000.0,1475000.0,0.0,0.0
19/09/2023,14400.0,14750.0,-350.0,-0.02372881,14750.0,14750.0,13800.0,34702.0,503704200.0,0.0,0.0,34702.0,503704200.0,-5000.0,5000.0,0.0,0.0,-72000000.0,72000000.0,0.0,0.0
18/09/2023,14750.0,15000.0,-250.0,-0.01666667,14600.0,15000.0,14600.0,4200.0,62600000.0,0.0,0.0,4200.0,62600000.0,0.0,0.0,0.0,0.0,0.0,0.0,0.0,0.0
15/09/2023,15000.0,15300.0,-300.0,-0.01960784,15300.0,15400.0,14700.0,56000.0,847315000.0,0.0,0.0,56000.0,847315000.0,0.0,0.0,0.0,0.0,0.0,0.0,0.0,0.0
14/09/2023,15300.0,15500.0,-200.0,-0.01290323,15500.0,15500.0,14700.0,40456.0,607857550.0,0.0,0.0,40456.0,607857550.0,0.0,0.0,0.0,0.0,0.0,0.0,0.0,0.0
13/09/2023,15500.0,15600.0,-100.0,-0.00641026,15000.0,15700.0,15000.0,76202.0,1178265800.0,0.0,0.0,76202.0,1178265800.0,0.0,0.0,0.0,0.0,0.0,0.0,0.0,0.0
12/09/2023,15600.0,15400.0,200.0,0.01298701,15700.0,15700.0,15050.0,75305.0,1164707000.0,0.0,0.0,75305.0,1164707000.0,0.0,0.0,0.0,0.0,0.0,0.0,0.0,0.0
11/09/2023,15400.0,15350.0,50.0,0.0033,15400.0,15800.0,15400.0,204001.0,3175921400.0,0.0,0.0,204001.0,3175921400.0,0.0,0.0,0.0,0.0,0.0,0.0,0.0,0.0
08/09/2023,15350.0,15000.0,350.0,0.02333333,15000.0,15550.0,15000.0,207318.0,3163635000.0,0.0,0.0,207318.0,3163635000.0,-30000.0,30000.0,0.0,0.0,-451800000.0,451800000.0,0.0,0.0
07/09/2023,15000.0,15400.0,-400.0,-0.02597403,15400.0,15400.0,14900.0,76712.0,1147104400.0,0.0,0.0,76712.0,1147104400.0,0.0,0.0,0.0,0.0,0.0,0.0,0.0,0.0
06/09/2023,15400.0,15250.0,150.0,0.00983607,15250.0,15600.0,14600.0,18304.0,277604200.0,0.0,0.0,18304.0,277604200.0,4.0,0.0,0.0,-4.0,59200.0,0.0,0.0,-59200.0
05/09/2023,15250.0,15150.0,100.0,0.00660066,15300.0,15700.0,15000.0,71141.0,1079193800.0,0.0,0.0,71141.0,1079193800.0,0.0,0.0,0.0,0.0,0.0,0.0,0.0,0.0
31/08/2023,15150.0,15200.0,-50.0,-0.00328947,15150.0,16000.0,14900.0,140363.0,2140223650.0,0.0,0.0,140363.0,2140223650.0,0.0,0.0,0.0,0.0,0.0,0.0,0.0,0.0
30/08/2023,15200.0,15000.0,200.0,0.01333333,15000.0,15200.0,14850.0,42500.0,636405000.0,0.0,0.0,42500.0,636405000.0,0.0,0.0,0.0,0.0,0.0,0.0,0.0,0.0
29/08/2023,15000.0,15000.0,0.0,0.0,15000.0,15150.0,14850.0,60828.0,910078150.0,0.0,0.0,60828.0,910078150.0,10216.0,-10000.0,0.0,-216.0,151978000.0,-148750000.0,0.0,-3228000.0
28/08/2023,15000.0,14900.0,100.0,0.00671141,14800.0,15000.0,14800.0,75100.0,1119210000.0,0.0,0.0,75100.0,1119210000.0,4400.0,0.0,0.0,-4400.0,66000000.0,0.0,0.0,-66000000.0
25/08/2023,14900.0,14900.0,0.0,0.0,14900.0,15450.0,14700.0,23227.0,344646900.0,0.0,0.0,23227.0,344646900.0,500.0,-500.0,0.0,0.0,7405000.0,-7405000.0,0.0,0.0
24/08/2023,14900.0,15000.0,-100.0,-0.00666667,14950.0,15150.0,14500.0,55500.0,820020000.0,0.0,0.0,55500.0,820020000.0,-10000.0,10000.0,0.0,0.0,-149000000.0,149000000.0,0.0,0.0
23/08/2023,15000.0,14800.0,200.0,0.01351351,15500.0,15600.0,14500.0,101011.0,1519167300.0,0.0,0.0,101011.0,1519167300.0,-400.0,400.0,0.0,0.0,-5980000.0,5980000.0,0.0,0.0
22/08/2023,14800.0,13900.0,900.0,0.0647482,14400.0,14850.0,14300.0,130301.0,1895728900.0,0.0,0.0,130301.0,1895728900.0,-100.0,100.0,0.0,0.0,-1460000.0,1460000.0,0.0,0.0
21/08/2023,13900.0,13950.0,-50.0,-0.00358423,13900.0,13900.0,13300.0,53200.0,724765000.0,0.0,0.0,53200.0,724765000.0,0.0,0.0,0.0,0.0,0.0,0.0,0.0,0.0
18/08/2023,13950.0,14950.0,-1000.0,-0.0669,14950.0,15000.0,13950.0,158400.0,2284025000.0,0.0,0.0,158400.0,2284025000.0,0.0,0.0,0.0,0.0,0.0,0.0,0.0,0.0
17/08/2023,14950.0,15400.0,-450.0,-0.02922078,15400.0,15400.0,14900.0,40424.0,609129800.0,0.0,0.0,40424.0,609129800.0,-100.0,100.0,0.0,0.0,-1495000.0,1495000.0,0.0,0.0
16/08/2023,15400.0,15450.0,-50.0,-0.00323625,15050.0,15450.0,15050.0,41802.0,636850850.0,0.0,0.0,41802.0,636850850.0,100.0,-100.0,0.0,0.0,1505000.0,-1505000.0,0.0,0.0
15/08/2023,15450.0,15950.0,-500.0,-0.03134796,15050.0,16000.0,15050.0,49657.0,782431300.0,0.0,0.0,49657.0,782431300.0,138.0,-138.0,0.0,0.0,2114200.0,-2114200.0,0.0,0.0
14/08/2023,15950.0,15100.0,850.0,0.05629139,14600.0,15950.0,14600.0,146433.0,2197096500.0,0.0,0.0,146433.0,2197096500.0,6000.0,-6000.0,0.0,0.0,89100000.0,-89100000.0,0.0,0.0
11/08/2023,15100.0,15400.0,-300.0,-0.01948052,15350.0,15350.0,14800.0,45803.0,686348500.0,0.0,0.0,45803.0,686348500.0,300.0,100.0,0.0,-400.0,4595000.0,1525000.0,0.0,-6120000.0
10/08/2023,15400.0,15450.0,-50.0,-0.00323625,15200.0,15550.0,14900.0,63300.0,958365000.0,0.0,0.0,63300.0,958365000.0,-6000.0,6000.0,0.0,0.0,-91220000.0,91220000.0,0.0,0.0
09/08/2023,15450.0,15600.0,-150.0,-0.00961538,15100.0,15600.0,15000.0,95801.0,1457190300.0,0.0,0.0,95801.0,1457190300.0,0.0,0.0,0.0,0.0,0.0,0.0,0.0,0.0
08/08/2023,15600.0,15650.0,-50.0,-0.00319489,16100.0,16600.0,15000.0,211973.0,3323615250.0,0.0,0.0,211973.0,3323615250.0,0.0,0.0,0.0,0.0,390000.0,-390000.0,0.0,0.0
07/08/2023,15650.0,14650.0,1000.0,0.06825939,14650.0,15650.0,14500.0,175701.0,2690901750.0,0.0,0.0,175701.0,2690901750.0,-10500.0,10500.0,0.0,0.0,-155595000.0,155595000.0,0.0,0.0
04/08/2023,14650.0,14550.0,100.0,0.00687285,14300.0,15000.0,14300.0,72767.0,1061121350.0,0.0,0.0,72767.0,1061121350.0,-2200.0,2200.0,0.0,0.0,-31800000.0,31800000.0,0.0,0.0
03/08/2023,14550.0,14400.0,150.0,0.01041667,14250.0,14600.0,14250.0,74362.0,1075384600.0,0.0,0.0,74362.0,1075384600.0,0.0,0.0,0.0,0.0,0.0,0.0,0.0,0.0
02/08/2023,14400.0,14500.0,-100.0,-0.00689655,14750.0,14750.0,14200.0,64604.0,929977000.0,0.0,0.0,64604.0,929977000.0,5000.0,-5000.0,0.0,0.0,72000000.0,-72000000.0,0.0,0.0
01/08/2023,14500.0,14800.0,-300.0,-0.02027027,14800.0,14950.0,14400.0,130800.0,1908305000.0,0.0,0.0,130800.0,1908305000.0,10200.0,-10200.0,0.0,0.0,148530000.0,-148530000.0,0.0,0.0
31/07/2023,14800.0,14500.0,300.0,0.02068966,14500.0,14800.0,14400.0,77800.0,1131335000.0,0.0,0.0,77800.0,1131335000.0,0.0,0.0,0.0,0.0,0.0,0.0,0.0,0.0
28/07/2023,14500.0,14400.0,100.0,0.0069,14300.0,15000.0,14300.0,32800.0,479325000.0,0.0,0.0,32800.0,479325000.0,-2000.0,2000.0,0.0,0.0,-29000000.0,29000000.0,0.0,0.0
27/07/2023,14400.0,14500.0,-100.0,-0.00689655,14900.0,14900.0,14350.0,104870.0,1520569000.0,0.0,0.0,104870.0,1520569000.0,-5000.0,5000.0,0.0,0.0,-72500000.0,72500000.0,0.0,0.0
26/07/2023,14500.0,15000.0,-500.0,-0.03333333,14750.0,15000.0,14500.0,142410.0,2088630900.0,0.0,0.0,142410.0,2088630900.0,13000.0,-13000.0,0.0,0.0,187950000.0,-187950000.0,0.0,0.0
25/07/2023,15000.0,15400.0,-400.0,-0.02597403,15400.0,15400.0,15000.0,44200.0,668320000.0,0.0,0.0,44200.0,668320000.0,2000.0,-2000.0,0.0,0.0,31850000.0,-31850000.0,0.0,0.0
24/07/2023,15400.0,15500.0,-100.0,-0.00645161,15450.0,15450.0,14900.0,44080.0,669260000.0,0.0,0.0,44080.0,669260000.0,0.0,0.0,0.0,0.0,0.0,0.0,0.0,0.0
21/07/2023,15500.0,15100.0,400.0,0.02649007,15000.0,15500.0,15000.0,77019.0,1171711150.0,0.0,0.0,77019.0,1171711150.0,-5499.0,5499.0,0.0,0.0,-83360100.0,83360100.0,0.0,0.0
20/07/2023,15100.0,15200.0,-100.0,-0.00657895,15250.0,15350.0,15000.0,80008.0,1214849200.0,0.0,0.0,80008.0,1214849200.0,-5000.0,5000.0,0.0,0.0,-75500000.0,75500000.0,0.0,0.0
19/07/2023,15200.0,15200.0,0.0,0.0,15800.0,15800.0,14800.0,41064.0,626419950.0,0.0,0.0,41064.0,626419950.0,100.0,-100.0,0.0,0.0,1580000.0,-1580000.0,0.0,0.0
18/07/2023,15200.0,14800.0,400.0,0.02702703,14900.0,15800.0,14650.0,94188.0,1431569400.0,0.0,0.0,94188.0,1431569400.0,80.0,0.0,0.0,-80.0,1172000.0,0.0,0.0,-1172000.0
17/07/2023,14800.0,15000.0,-200.0,-0.0133,15000.0,15200.0,14500.0,113200.0,1682485000.0,0.0,0.0,113200.0,1682485000.0,-100.0,100.0,0.0,0.0,-1510000.0,1510000.0,0.0,0.0
14/07/2023,15000.0,15000.0,0.0,0.0,15200.0,15200.0,14500.0,88100.0,1305715000.0,0.0,0.0,88100.0,1305715000.0,-5000.0,5000.0,0.0,0.0,-72530000.0,72530000.0,0.0,0.0
13/07/2023,15000.0,15000.0,0.0,0.0,15000.0,15350.0,15000.0,152600.0,2296145000.0,0.0,0.0,152600.0,2296145000.0,300.0,-300.0,0.0,0.0,4500000.0,-4500000.0,0.0,0.0
12/07/2023,15000.0,14400.0,600.0,0.04166667,15000.0,15200.0,14100.0,248485.0,3689910600.0,0.0,0.0,248485.0,3689910600.0,5000.0,-5000.0,0.0,0.0,73500000.0,-73500000.0,0.0,0.0
11/07/2023,14400.0,13500.0,900.0,0.06666667,13600.0,14400.0,13600.0,378588.0,5383380050.0,0.0,0.0,378588.0,5383380050.0,-57500.0,57500.0,0.0,0.0,-818735000.0,818735000.0,0.0,0.0
10/07/2023,13500.0,13400.0,100.0,0.00746269,13400.0,13500.0,13350.0,87310.0,1171870000.0,0.0,0.0,87310.0,1171870000.0,-21700.0,21700.0,0.0,0.0,-290230000.0,290230000.0,0.0,0.0
07/07/2023,13400.0,13200.0,200.0,0.01515152,13100.0,13400.0,12900.0,169229.0,2213767800.0,0.0,0.0,169229.0,2213767800.0,-10700.0,10700.0,0.0,0.0,-139240001.0,139240000.0,0.0,0.0
06/07/2023,13200.0,13250.0,-50.0,-0.00377358,13000.0,13350.0,12950.0,81403.0,1065130200.0,0.0,0.0,81403.0,1065130200.0,-10300.0,10300.0,0.0,0.0,-132710000.0,132710000.0,0.0,0.0
05/07/2023,13250.0,13200.0,50.0,0.00378788,13200.0,13500.0,13000.0,60540.0,792292000.0,0.0,0.0,60540.0,792292000.0,3800.0,-3800.0,0.0,0.0,50090000.0,-50090000.0,0.0,0.0
04/07/2023,13200.0,13150.0,50.0,0.00380228,13300.0,13300.0,12900.0,44200.0,578290000.0,0.0,0.0,44200.0,578290000.0,0.0,0.0,0.0,0.0,0.0,0.0,0.0,0.0
03/07/2023,13150.0,13000.0,150.0,0.01153846,13650.0,13650.0,12900.0,24600.0,325165000.0,0.0,0.0,24600.0,325165000.0,0.0,0.0,0.0,0.0,0.0,0.0,0.0,0.0
30/06/2023,13000.0,12950.0,50.0,0.003861,12900.0,13500.0,12800.0,69170.0,906366500.0,0.0,0.0,69170.0,906366500.0,-800.0,800.0,0.0,0.0,-10640000.0,10640000.0,0.0,0.0
29/06/2023,12950.0,13100.0,-150.0,-0.01145038,13100.0,13200.0,12900.0,51600.0,670805000.0,0.0,0.0,51600.0,670805000.0,0.0,0.0,0.0,0.0,0.0,0.0,0.0,0.0
28/06/2023,13100.0,13550.0,-450.0,-0.03321033,13600.0,14000.0,13000.0,102001.0,1368183700.0,0.0,0.0,102001.0,1368183700.0,0.0,0.0,0.0,0.0,0.0,0.0,0.0,0.0
27/06/2023,13550.0,12700.0,850.0,0.06692913,12800.0,13550.0,12700.0,304498.0,4028307450.0,0.0,0.0,304498.0,4028307450.0,800.0,0.0,0.0,-800.0,10040000.0,800000.0,0.0,-10840000.0
26/06/2023,12700.0,12150.0,550.0,0.04526749,12150.0,12800.0,12000.0,99201.0,1232236400.0,0.0,0.0,99201.0,1232236400.0,0.0,0.0,0.0,0.0,0.0,0.0,0.0,0.0
23/06/2023,12150.0,12300.0,-150.0,-0.01219512,12300.0,12400.0,12150.0,19100.0,233700000.0,0.0,0.0,19100.0,233700000.0,2000.0,-2000.0,0.0,0.0,24400000.0,-24400000.0,0.0,0.0
22/06/2023,12300.0,12400.0,-100.0,-0.00806452,12400.0,12450.0,12200.0,26700.0,328375000.0,0.0,0.0,26700.0,328375000.0,0.0,0.0,0.0,0.0,0.0,0.0,0.0,0.0
21/06/2023,12400.0,12400.0,0.0,0.0,12650.0,12650.0,12250.0,7304.0,90049200.0,0.0,0.0,7304.0,90049200.0,0.0,0.0,0.0,0.0,0.0,0.0,0.0,0.0
20/06/2023,12400.0,12050.0,350.0,0.02904564,12000.0,12600.0,11900.0,41900.0,517965000.0,0.0,0.0,41900.0,517965000.0,100.0,-100.0,0.0,0.0,1190000.0,-1190000.0,0.0,0.0
19/06/2023,12050.0,12450.0,-400.0,-0.03212851,12400.0,12400.0,12050.0,23600.0,287170000.0,0.0,0.0,23600.0,287170000.0,0.0,0.0,0.0,0.0,0.0,0.0,0.0,0.0
16/06/2023,12450.0,12300.0,150.0,0.01219512,12100.0,12450.0,12100.0,35600.0,435810000.0,0.0,0.0,35600.0,435810000.0,0.0,0.0,0.0,0.0,0.0,0.0,0.0,0.0
15/06/2023,12300.0,12300.0,0.0,0.0,12200.0,12400.0,12100.0,15629.0,191858800.0,0.0,0.0,15629.0,191858800.0,0.0,0.0,0.0,0.0,0.0,0.0,0.0,0.0
14/06/2023,12300.0,12500.0,-200.0,-0.016,12950.0,12950.0,12200.0,57506.0,718918100.0,0.0,0.0,57506.0,718918100.0,2200.0,-2200.0,0.0,0.0,27350000.0,-27350000.0,0.0,0.0
13/06/2023,12500.0,12400.0,100.0,0.00806452,12400.0,12500.0,12100.0,21201.0,260996900.0,0.0,0.0,21201.0,260996900.0,1.0,-1.0,0.0,0.0,11900.0,-11900.0,0.0,0.0
12/06/2023,12400.0,12400.0,0.0,0.0,12450.0,12500.0,11850.0,52811.0,641516400.0,0.0,0.0,52811.0,641516400.0,0.0,0.0,0.0,0.0,0.0,0.0,0.0,0.0
09/06/2023,12400.0,12450.0,-50.0,-0.00401606,12750.0,12750.0,12400.0,26804.0,332924600.0,0.0,0.0,26804.0,332924600.0,4.0,-4.0,0.0,0.0,49600.0,-49600.0,0.0,0.0
08/06/2023,12450.0,12600.0,-150.0,-0.01190476,12400.0,12700.0,12400.0,52000.0,652930000.0,0.0,0.0,52000.0,652930000.0,0.0,0.0,0.0,0.0,0.0,0.0,0.0,0.0
07/06/2023,12600.0,12600.0,0.0,0.0,12850.0,12850.0,12400.0,51900.0,652565000.0,0.0,0.0,51900.0,652565000.0,0.0,0.0,0.0,0.0,0.0,0.0,0.0,0.0
06/06/2023,12600.0,12750.0,-150.0,-0.01176471,12650.0,12650.0,12350.0,69110.0,862505750.0,0.0,0.0,69110.0,862505750.0,0.0,0.0,0.0,0.0,0.0,0.0,0.0,0.0
05/06/2023,12750.0,12850.0,-100.0,-0.0077821,13250.0,13250.0,12550.0,28300.0,357485000.0,0.0,0.0,28300.0,357485000.0,0.0,0.0,0.0,0.0,0.0,0.0,0.0,0.0
02/06/2023,12850.0,12950.0,-100.0,-0.00772201,12800.0,13300.0,12700.0,73500.0,940990000.0,0.0,0.0,73500.0,940990000.0,0.0,0.0,0.0,0.0,0.0,0.0,0.0,0.0
01/06/2023,12950.0,12850.0,100.0,0.0077821,12750.0,13100.0,12450.0,105302.0,1335775500.0,0.0,0.0,105302.0,1335775500.0,0.0,0.0,0.0,0.0,0.0,0.0,0.0,0.0
31/05/2023,12850.0,12750.0,100.0,0.00784314,12750.0,13250.0,12600.0,71221.0,915936150.0,0.0,0.0,71221.0,915936150.0,3200.0,-3200.0,0.0,0.0,41115000.0,-41115000.0,0.0,0.0
30/05/2023,12750.0,12000.0,750.0,0.0625,12750.0,12800.0,12650.0,189537.0,2422306000.0,0.0,0.0,189537.0,2422306000.0,62900.0,-62900.0,0.0,0.0,804595000.0,-804595000.0,0.0,0.0
29/05/2023,12000.0,11700.0,300.0,0.02564103,11900.0,12000.0,11800.0,56900.0,677085000.0,0.0,0.0,56900.0,677085000.0,6200.0,-6200.0,0.0,0.0,73560000.0,-73560000.0,0.0,0.0
26/05/2023,11700.0,11800.0,-100.0,-0.00847458,12000.0,12000.0,11650.0,16007.0,189634350.0,0.0,0.0,16007.0,189634350.0,500.0,-500.0,0.0,0.0,5895000.0,-5895000.0,0.0,0.0
25/05/2023,11800.0,11400.0,400.0,0.03508772,11300.0,12000.0,11300.0,89901.0,1044261400.0,0.0,0.0,89901.0,1044261400.0,0.0,0.0,0.0,0.0,0.0,0.0,0.0,0.0
24/05/2023,11400.0,11350.0,50.0,0.00440529,11250.0,11500.0,11250.0,21800.0,246325000.0,0.0,0.0,21800.0,246325000.0,1000.0,-1000.0,0.0,0.0,11350000.0,-11350000.0,0.0,0.0
23/05/2023,11350.0,11300.0,50.0,0.00442478,11200.0,11400.0,11200.0,18031.0,203397900.0,0.0,0.0,18031.0,203397900.0,2000.0,-2000.0,0.0,0.0,22600000.0,-22600000.0,0.0,0.0
22/05/2023,11300.0,11200.0,100.0,0.00892857,11200.0,11550.0,11200.0,8800.0,98980000.0,0.0,0.0,8800.0,98980000.0,3100.0,-3100.0,0.0,0.0,34785000.0,-34785000.0,0.0,0.0
19/05/2023,11200.0,11400.0,-200.0,-0.01754386,11400.0,11400.0,10900.0,6351.0,71966400.0,0.0,0.0,6351.0,71966400.0,0.0,0.0,0.0,0.0,0.0,0.0,0.0,0.0
18/05/2023,11400.0,11250.0,150.0,0.01333333,11150.0,11400.0,11000.0,30708.0,343550000.0,0.0,0.0,30708.0,343550000.0,0.0,0.0,0.0,0.0,0.0,0.0,0.0,0.0
17/05/2023,11250.0,11450.0,-200.0,-0.01746725,11300.0,11500.0,11250.0,20500.0,233200000.0,0.0,0.0,20500.0,233200000.0,-100.0,100.0,0.0,0.0,-1130000.0,1130000.0,0.0,0.0
16/05/2023,11450.0,11650.0,-200.0,-0.01716738,11600.0,11700.0,11000.0,28700.0,325015000.0,0.0,0.0,28700.0,325015000.0,-100.0,100.0,0.0,0.0,-1150000.0,1150000.0,0.0,0.0
15/05/2023,11650.0,11650.0,0.0,0.0,12000.0,12000.0,11500.0,23500.0,274260000.0,0.0,0.0,23500.0,274260000.0,0.0,0.0,0.0,0.0,0.0,0.0,0.0,0.0
12/05/2023,11650.0,11550.0,100.0,0.00865801,11800.0,11800.0,11500.0,86500.0,1008260000.0,0.0,0.0,86500.0,1008260000.0,100.0,-100.0,0.0,0.0,1150000.0,-1150000.0,0.0,0.0
11/05/2023,11550.0,11200.0,350.0,0.03125,11350.0,11900.0,11200.0,32900.0,371995000.0,0.0,0.0,32900.0,371995000.0,100.0,-100.0,0.0,0.0,1160000.0,-1160000.0,0.0,0.0
10/05/2023,11200.0,10900.0,300.0,0.02752294,10900.0,11300.0,10750.0,27000.0,295675000.0,0.0,0.0,27000.0,295675000.0,100.0,-100.0,0.0,0.0,1120000.0,-1120000.0,0.0,0.0
09/05/2023,10900.0,11350.0,-450.0,-0.03964758,11350.0,11350.0,10600.0,96908.0,1041642000.0,0.0,0.0,96908.0,1041642000.0,-200.0,200.0,0.0,0.0,-2215000.0,2215000.0,0.0,0.0
08/05/2023,11350.0,11450.0,-100.0,-0.00873362,11500.0,11500.0,10900.0,10503.0,118047800.0,0.0,0.0,10503.0,118047800.0,-100.0,100.0,0.0,0.0,-1125000.0,1125000.0,0.0,0.0
05/05/2023,11450.0,11600.0,-150.0,-0.01293103,11600.0,11600.0,10800.0,180111.0,1976394800.0,0.0,0.0,180111.0,1976394800.0,-300.0,300.0,0.0,0.0,-3280000.0,3280000.0,0.0,0.0
04/05/2023,11600.0,11750.0,-150.0,-0.01276596,11700.0,11750.0,11600.0,28200.0,329490000.0,0.0,0.0,28200.0,329490000.0,0.0,0.0,0.0,0.0,0.0,0.0,0.0,0.0
28/04/2023,11750.0,11800.0,-50.0,-0.00423729,11800.0,11800.0,11700.0,28900.0,340255000.0,0.0,0.0,28900.0,340255000.0,0.0,0.0,0.0,0.0,0.0,0.0,0.0,0.0
27/04/2023,11800.0,11800.0,0.0,0.0,11800.0,11850.0,11700.0,4548.0,53751400.0,0.0,0.0,4548.0,53751400.0,0.0,0.0,0.0,0.0,0.0,0.0,0.0,0.0
26/04/2023,11800.0,11800.0,0.0,0.0,11850.0,11850.0,11600.0,3800.0,44480000.0,0.0,0.0,3800.0,44480000.0,0.0,0.0,0.0,0.0,0.0,0.0,0.0,0.0
25/04/2023,11800.0,11750.0,50.0,0.00425532,11800.0,11900.0,11700.0,13700.0,161610000.0,0.0,0.0,13700.0,161610000.0,-200.0,200.0,0.0,0.0,-2365000.0,2365000.0,0.0,0.0
24/04/2023,11750.0,11750.0,0.0,0.0,11750.0,11950.0,11500.0,27100.0,318410000.0,0.0,0.0,27100.0,318410000.0,-200.0,200.0,0.0,0.0,-2330000.0,2330000.0,0.0,0.0
21/04/2023,11750.0,11750.0,0.0,0.0,11750.0,11900.0,11750.0,15800.0,187125000.0,0.0,0.0,15800.0,187125000.0,0.0,0.0,0.0,0.0,0.0,0.0,0.0,0.0
20/04/2023,11750.0,11800.0,-50.0,-0.00423729,11800.0,11850.0,11500.0,25324.0,293204700.0,0.0,0.0,25324.0,293204700.0,16110.0,0.0,0.0,-16110.0,185543000.0,0.0,0.0,-185543000.0
19/04/2023,11800.0,11850.0,-50.0,-0.00421941,11850.0,11850.0,11650.0,5500.0,64655000.0,0.0,0.0,5500.0,64655000.0,0.0,0.0,0.0,0.0,0.0,0.0,0.0,0.0
18/04/2023,11850.0,11800.0,50.0,0.00423729,11800.0,11850.0,11700.0,6000.0,70860000.0,0.0,0.0,6000.0,70860000.0,100.0,-100.0,0.0,0.0,1175000.0,-1175000.0,0.0,0.0
17/04/2023,11800.0,11700.0,100.0,0.00854701,11700.0,11900.0,11700.0,9400.0,111090000.0,0.0,0.0,9400.0,111090000.0,1000.0,-100.0,0.0,-900.0,11700000.0,-1170000.0,0.0,-10530000.0
14/04/2023,11700.0,11850.0,-150.0,-0.01265823,11950.0,12000.0,11700.0,21300.0,253485000.0,0.0,0.0,21300.0,253485000.0,-200.0,200.0,0.0,0.0,-2400000.0,2400000.0,0.0,0.0
13/04/2023,11850.0,11800.0,50.0,0.00423729,11700.0,11900.0,11650.0,12339.0,145981500.0,0.0,0.0,12339.0,145981500.0,0.0,0.0,0.0,0.0,0.0,0.0,0.0,0.0
12/04/2023,11800.0,11750.0,50.0,0.00425532,11750.0,11900.0,11600.0,41009.0,481335750.0,0.0,0.0,41009.0,481335750.0,0.0,0.0,0.0,0.0,-5000.0,5000.0,0.0,0.0
11/04/2023,11750.0,11750.0,0.0,0.0,11750.0,11800.0,11650.0,40200.0,470265000.0,0.0,0.0,40200.0,470265000.0,-200.0,200.0,0.0,0.0,-2370000.0,2370000.0,0.0,0.0
10/04/2023,11750.0,11950.0,-200.0,-0.0167364,12200.0,12200.0,11750.0,42600.0,505985000.0,0.0,0.0,42600.0,505985000.0,-300.0,300.0,0.0,0.0,-3565000.0,3565000.0,0.0,0.0
07/04/2023,11950.0,11950.0,0.0,0.0,12250.0,12250.0,11800.0,23713.0,281800350.0,0.0,0.0,23713.0,281800350.0,-500.0,500.0,0.0,0.0,-5980000.0,5980000.0,0.0,0.0
06/04/2023,11950.0,11800.0,150.0,0.01271186,11900.0,12050.0,11700.0,93022.0,1102691400.0,0.0,0.0,93022.0,1102691400.0,-100.0,100.0,0.0,0.0,-1205000.0,1205000.0,0.0,0.0
05/04/2023,11800.0,12250.0,-450.0,-0.03673469,12400.0,12400.0,11800.0,26200.0,315675000.0,0.0,0.0,26200.0,315675000.0,-600.0,600.0,0.0,0.0,-7345000.0,7345000.0,0.0,0.0
04/04/2023,12250.0,12350.0,-100.0,-0.00809717,12500.0,12500.0,12150.0,1114.0,13722900.0,0.0,0.0,1114.0,13722900.0,0.0,0.0,0.0,0.0,0.0,0.0,0.0,0.0
03/04/2023,12350.0,12400.0,-50.0,-0.00403226,13150.0,13150.0,12000.0,13213.0,164296200.0,0.0,0.0,13213.0,164296200.0,100.0,-100.0,0.0,0.0,1315000.0,-1315000.0,0.0,0.0
31/03/2023,12400.0,11650.0,750.0,0.06437768,11650.0,12400.0,11650.0,43800.0,541930000.0,0.0,0.0,43800.0,541930000.0,100.0,-100.0,0.0,0.0,1140000.0,-1140000.0,0.0,0.0
30/03/2023,11650.0,11700.0,-50.0,-0.0042735,11700.0,11800.0,11650.0,7810.0,91342000.0,0.0,0.0,7810.0,91342000.0,0.0,0.0,0.0,0.0,0.0,0.0,0.0,0.0
29/03/2023,11700.0,11900.0,-200.0,-0.01680672,12000.0,12000.0,11700.0,10100.0,118520000.0,0.0,0.0,10100.0,118520000.0,0.0,0.0,0.0,0.0,0.0,0.0,0.0,0.0
28/03/2023,11900.0,11850.0,50.0,0.00421941,12000.0,12000.0,11700.0,9100.0,108020000.0,0.0,0.0,9100.0,108020000.0,0.0,0.0,0.0,0.0,0.0,0.0,0.0,0.0
27/03/2023,11850.0,11800.0,50.0,0.00423729,11800.0,11850.0,11700.0,11104.0,130407200.0,0.0,0.0,11104.0,130407200.0,0.0,0.0,0.0,0.0,0.0,0.0,0.0,0.0
24/03/2023,11800.0,11700.0,100.0,0.00854701,12000.0,12000.0,11500.0,12000.0,139200000.0,0.0,0.0,12000.0,139200000.0,0.0,0.0,0.0,0.0,0.0,0.0,0.0,0.0
23/03/2023,11700.0,11800.0,-100.0,-0.00847458,11550.0,11900.0,11500.0,5600.0,64980000.0,0.0,0.0,5600.0,64980000.0,0.0,0.0,0.0,0.0,0.0,0.0,0.0,0.0
22/03/2023,11800.0,11800.0,0.0,0.0,11600.0,11850.0,11600.0,7420.0,86756000.0,0.0,0.0,7420.0,86756000.0,200.0,-200.0,0.0,0.0,2330000.0,-2330000.0,0.0,0.0
21/03/2023,11800.0,11850.0,-50.0,-0.00421941,11700.0,11950.0,11600.0,4720.0,55332900.0,0.0,0.0,4720.0,55332900.0,0.0,0.0,0.0,0.0,0.0,0.0,0.0,0.0
20/03/2023,11850.0,11800.0,50.0,0.00423729,12000.0,12000.0,11700.0,17450.0,206335000.0,0.0,0.0,17450.0,206335000.0,-100.0,100.0,0.0,0.0,-1195000.0,1195000.0,0.0,0.0
17/03/2023,11800.0,11800.0,0.0,0.0,12350.0,12350.0,11600.0,2157.0,25516450.0,0.0,0.0,2157.0,25516450.0,300.0,-300.0,0.0,0.0,3500000.0,-3500000.0,0.0,0.0
16/03/2023,11800.0,11850.0,-50.0,-0.00421941,11850.0,11850.0,11400.0,18000.0,208755000.0,0.0,0.0,18000.0,208755000.0,0.0,0.0,0.0,0.0,0.0,0.0,0.0,0.0
15/03/2023,11850.0,11800.0,50.0,0.00423729,12000.0,12200.0,11750.0,27208.0,324930200.0,0.0,0.0,27208.0,324930200.0,400.0,-300.0,0.0,-100.0,4730000.0,-3530000.0,0.0,-1200000.0
14/03/2023,11800.0,11900.0,-100.0,-0.00840336,11900.0,12000.0,11800.0,9707.0,116223300.0,0.0,0.0,9707.0,116223300.0,0.0,0.0,0.0,0.0,0.0,0.0,0.0,0.0
13/03/2023,11900.0,12000.0,-100.0,-0.00833333,11450.0,12000.0,11450.0,5200.0,61760000.0,0.0,0.0,5200.0,61760000.0,0.0,0.0,0.0,0.0,0.0,0.0,0.0,0.0
10/03/2023,12000.0,12200.0,-200.0,-0.01639344,11950.0,12100.0,11900.0,5940.0,71135500.0,0.0,0.0,5940.0,71135500.0,100.0,-100.0,0.0,0.0,1210000.0,-1210000.0,0.0,0.0
09/03/2023,12200.0,12250.0,-50.0,-0.00408163,12000.0,12400.0,11900.0,8000.0,96405000.0,0.0,0.0,8000.0,96405000.0,-100.0,100.0,0.0,0.0,-1190000.0,1190000.0,0.0,0.0
08/03/2023,12250.0,12300.0,-50.0,-0.00406504,12450.0,12450.0,12050.0,7010.0,85633000.0,0.0,0.0,7010.0,85633000.0,0.0,0.0,0.0,0.0,0.0,0.0,0.0,0.0
07/03/2023,12300.0,12100.0,200.0,0.01652893,12500.0,12500.0,12100.0,2600.0,31920000.0,0.0,0.0,2600.0,31920000.0,-200.0,200.0,0.0,0.0,-2420000.0,2420000.0,0.0,0.0
06/03/2023,12100.0,12400.0,-300.0,-0.02419355,11950.0,12500.0,11950.0,5929.0,73029600.0,0.0,0.0,5929.0,73029600.0,68.0,-68.0,0.0,0.0,803600.0,-803600.0,0.0,0.0
03/03/2023,12400.0,12050.0,350.0,0.02904564,11700.0,12800.0,11700.0,19500.0,236080000.0,0.0,0.0,19500.0,236080000.0,0.0,0.0,0.0,0.0,0.0,0.0,0.0,0.0
02/03/2023,12050.0,12100.0,-50.0,-0.00413223,11750.0,12200.0,11750.0,17010.0,201994500.0,0.0,0.0,17010.0,201994500.0,-100.0,100.0,0.0,0.0,-1185000.0,1185000.0,0.0,0.0
01/03/2023,12100.0,11950.0,150.0,0.0125523,11950.0,12150.0,11950.0,10010.0,120142000.0,0.0,0.0,10010.0,120142000.0,0.0,0.0,0.0,0.0,0.0,0.0,0.0,0.0
28/02/2023,11950.0,12000.0,-50.0,-0.00416667,12800.0,12800.0,11700.0,10400.0,124780000.0,0.0,0.0,10400.0,124780000.0,0.0,0.0,0.0,0.0,0.0,0.0,0.0,0.0
27/02/2023,12000.0,12100.0,-100.0,-0.00826446,12100.0,12400.0,11750.0,12100.0,144315000.0,0.0,0.0,12100.0,144315000.0,-100.0,100.0,0.0,0.0,-1215000.0,1215000.0,0.0,0.0
24/02/2023,12100.0,12000.0,100.0,0.00833333,12600.0,12600.0,11900.0,8700.0,104955000.0,0.0,0.0,8700.0,104955000.0,-100.0,100.0,0.0,0.0,-1220000.0,1220000.0,0.0,0.0
23/02/2023,12000.0,12500.0,-500.0,-0.04,11700.0,12400.0,11700.0,5700.0,69635000.0,0.0,0.0,5700.0,69635000.0,0.0,0.0,0.0,0.0,0.0,0.0,0.0,0.0
22/02/2023,12500.0,12600.0,-100.0,-0.00793651,12700.0,12700.0,12100.0,9200.0,111875000.0,0.0,0.0,9200.0,111875000.0,0.0,0.0,0.0,0.0,0.0,0.0,0.0,0.0
21/02/2023,12600.0,12750.0,-150.0,-0.01176471,12800.0,12800.0,12400.0,13940.0,173679600.0,0.0,0.0,13940.0,173679600.0,70.0,0.0,0.0,-70.0,840600.0,0.0,0.0,-840600.0
20/02/2023,12750.0,12700.0,50.0,0.00393701,12100.0,12900.0,12050.0,9030.0,113444000.0,0.0,0.0,9030.0,113444000.0,1600.0,-300.0,0.0,-1300.0,19710000.0,-3755000.0,0.0,-15955000.0
17/02/2023,12700.0,12300.0,400.0,0.03252033,13100.0,13100.0,11850.0,4300.0,53345000.0,0.0,0.0,4300.0,53345000.0,0.0,0.0,0.0,0.0,0.0,0.0,0.0,0.0
16/02/2023,12300.0,11650.0,650.0,0.05579399,11150.0,12450.0,11150.0,11100.0,132965000.0,0.0,0.0,11100.0,132965000.0,-100.0,100.0,0.0,0.0,-1240000.0,1240000.0,0.0,0.0
15/02/2023,11650.0,12200.0,-550.0,-0.04508197,12650.0,12700.0,11650.0,2656.0,31835200.0,0.0,0.0,2656.0,31835200.0,0.0,0.0,0.0,0.0,0.0,0.0,0.0,0.0
14/02/2023,12200.0,12200.0,0.0,0.0,12200.0,12200.0,12200.0,0.0,0.0,417400.0,5426200000.0,417400.0,5426200000.0,0.0,0.0,0.0,0.0,0.0,0.0,0.0,0.0
13/02/2023,12200.0,12300.0,-100.0,-0.00813008,11800.0,12450.0,11550.0,9100.0,107490000.0,0.0,0.0,9100.0,107490000.0,400.0,-400.0,0.0,0.0,4605000.0,-4605000.0,0.0,0.0
10/02/2023,12300.0,12300.0,0.0,0.0,12300.0,12550.0,12300.0,2102.0,25969400.0,0.0,0.0,2102.0,25969400.0,100.0,-100.0,0.0,0.0,1250000.0,-1250000.0,0.0,0.0
09/02/2023,12300.0,12750.0,-450.0,-0.03529412,12750.0,12750.0,12250.0,1857.0,22989000.0,0.0,0.0,1857.0,22989000.0,0.0,0.0,0.0,0.0,0.0,0.0,0.0,0.0
08/02/2023,12750.0,12800.0,-50.0,-0.00390625,12900.0,13000.0,12150.0,8000.0,99000000.0,0.0,0.0,8000.0,99000000.0,-400.0,400.0,0.0,0.0,-5095000.0,5095000.0,0.0,0.0
07/02/2023,12800.0,12900.0,-100.0,-0.00775194,13000.0,13000.0,12400.0,3100.0,38820000.0,0.0,0.0,3100.0,38820000.0,0.0,0.0,0.0,0.0,0.0,0.0,0.0,0.0
06/02/2023,12900.0,13000.0,-100.0,-0.00769231,12950.0,13000.0,12350.0,20800.0,259900000.0,0.0,0.0,20800.0,259900000.0,100.0,-100.0,0.0,0.0,1175000.0,-1175000.0,0.0,0.0
03/02/2023,13000.0,13250.0,-250.0,-0.01886792,13200.0,13250.0,12700.0,13100.0,168310000.0,0.0,0.0,13100.0,168310000.0,100.0,-100.0,0.0,0.0,1320000.0,-1320000.0,0.0,0.0
02/02/2023,13250.0,13400.0,-150.0,-0.01119403,13100.0,13550.0,12500.0,15100.0,194360000.0,0.0,0.0,15100.0,194360000.0,-100.0,100.0,0.0,0.0,-1300000.0,1300000.0,0.0,0.0
01/02/2023,13400.0,13800.0,-400.0,-0.02898551,13500.0,13800.0,13000.0,21300.0,281740000.0,0.0,0.0,21300.0,281740000.0,-100.0,100.0,0.0,0.0,-1330000.0,1330000.0,0.0,0.0
31/01/2023,13800.0,13900.0,-100.0,-0.00719424,13450.0,13900.0,13250.0,7370.0,99821000.0,0.0,0.0,7370.0,99821000.0,-100.0,100.0,0.0,0.0,-1295000.0,1295000.0,0.0,0.0
30/01/2023,13900.0,13800.0,100.0,0.00724638,13700.0,14100.0,13500.0,10900.0,150790000.0,0.0,0.0,10900.0,150790000.0,-100.0,100.0,0.0,0.0,-1430000.0,1430000.0,0.0,0.0
27/01/2023,13800.0,13400.0,400.0,0.02985075,13450.0,13900.0,13450.0,7410.0,102199000.0,0.0,0.0,7410.0,102199000.0,100.0,-100.0,0.0,0.0,1370000.0,-1370000.0,0.0,0.0
19/01/2023,13400.0,13100.0,300.0,0.02290076,13500.0,13500.0,13000.0,32200.0,422675000.0,0.0,0.0,32200.0,422675000.0,0.0,0.0,0.0,0.0,0.0,0.0,0.0,0.0
18/01/2023,13100.0,13200.0,-100.0,-0.00757576,13200.0,13550.0,13100.0,5000.0,65955000.0,0.0,0.0,5000.0,65955000.0,100.0,-100.0,0.0,0.0,1315000.0,-1315000.0,0.0,0.0
17/01/2023,13200.0,13500.0,-300.0,-0.02222222,13500.0,13500.0,13000.0,47500.0,625005000.0,0.0,0.0,47500.0,625005000.0,0.0,0.0,0.0,0.0,0.0,0.0,0.0,0.0
16/01/2023,13500.0,13450.0,50.0,0.00371747,12800.0,14000.0,12800.0,456100.0,6372265000.0,0.0,0.0,456100.0,6372265000.0,-100.0,100.0,0.0,0.0,-1240000.0,1240000.0,0.0,0.0
13/01/2023,13450.0,13500.0,-50.0,-0.0037037,14100.0,14100.0,13100.0,19103.0,254935650.0,0.0,0.0,19103.0,254935650.0,400.0,0.0,0.0,-400.0,5640000.0,0.0,0.0,-5640000.0
12/01/2023,13500.0,13150.0,350.0,0.02661597,13750.0,13950.0,13350.0,245010.0,3409465000.0,0.0,0.0,245010.0,3409465000.0,0.0,0.0,0.0,0.0,0.0,0.0,0.0,0.0
11/01/2023,13150.0,13000.0,150.0,0.01153846,12650.0,13300.0,12500.0,18400.0,232870000.0,0.0,0.0,18400.0,232870000.0,0.0,0.0,0.0,0.0,0.0,0.0,0.0,0.0
10/01/2023,13000.0,12800.0,200.0,0.015625,13000.0,13000.0,13000.0,1030.0,13405000.0,0.0,0.0,1030.0,13405000.0,0.0,0.0,0.0,0.0,0.0,0.0,0.0,0.0
09/01/2023,12800.0,13350.0,-550.0,-0.0411985,14000.0,14000.0,12800.0,14605.0,193947500.0,0.0,0.0,14605.0,193947500.0,-100.0,100.0,0.0,0.0,-1380000.0,1380000.0,0.0,0.0
06/01/2023,13350.0,14000.0,-650.0,-0.04642857,14000.0,14950.0,13350.0,7710.0,105152000.0,0.0,0.0,7710.0,105152000.0,0.0,0.0,0.0,0.0,-45000.0,45000.0,0.0,0.0
05/01/2023,14000.0,14950.0,-950.0,-0.06354515,14950.0,14950.0,14000.0,26900.0,381230000.0,1300000.0,20735000000.0,1326900.0,21116230000.0,0.0,0.0,0.0,0.0,0.0,0.0,0.0,0.0
04/01/2023,14950.0,15150.0,-200.0,-0.01320132,14350.0,15300.0,14100.0,47035.0,687809300.0,855600.0,13860720000.0,902635.0,14548529300.0,0.0,0.0,0.0,0.0,0.0,0.0,0.0,0.0
03/01/2023,15150.0,15200.0,-50.0,-0.00328947,15200.0,15300.0,15000.0,19125.0,290522500.0,0.0,0.0,19125.0,290522500.0,0.0,0.0,0.0,0.0,0.0,0.0,0.0,0.0
30/12/2022,15200.0,14450.0,750.0,0.05190311,14400.0,15300.0,14000.0,233141.0,3423820500.0,0.0,0.0,233141.0,3423820500.0,0.0,0.0,0.0,0.0,0.0,0.0,0.0,0.0
29/12/2022,14450.0,13550.0,900.0,0.06642066,14200.0,14450.0,13950.0,224344.0,3174621700.0,0.0,0.0,224344.0,3174621700.0,100.0,-100.0,0.0,0.0,1415000.0,-1415000.0,0.0,0.0
28/12/2022,13550.0,12700.0,850.0,0.06692913,12700.0,13550.0,12700.0,226076.0,2952682800.0,0.0,0.0,226076.0,2952682800.0,0.0,0.0,0.0,0.0,0.0,0.0,0.0,0.0
27/12/2022,12700.0,12000.0,700.0,0.05833333,11200.0,12700.0,11200.0,252400.0,3108475000.0,0.0,0.0,252400.0,3108475000.0,200.0,-200.0,0.0,0.0,2240000.0,-2240000.0,0.0,0.0
26/12/2022,12000.0,12150.0,-150.0,-0.01234568,11800.0,12150.0,11350.0,158742.0,1865634900.0,0.0,0.0,158742.0,1865634900.0,100.0,-100.0,0.0,0.0,1150000.0,-1150000.0,0.0,0.0
23/12/2022,12150.0,12400.0,-250.0,-0.02016129,11850.0,12600.0,11850.0,25903.0,315500250.0,0.0,0.0,25903.0,315500250.0,-100.0,100.0,0.0,0.0,-1200000.0,1200000.0,0.0,0.0
22/12/2022,12400.0,11800.0,600.0,0.05084746,11100.0,12500.0,11100.0,138500.0,1647070000.0,0.0,0.0,138500.0,1647070000.0,0.0,0.0,0.0,0.0,0.0,0.0,0.0,0.0
21/12/2022,11800.0,11750.0,50.0,0.00425532,11700.0,12000.0,10950.0,132800.0,1523765000.0,0.0,0.0,132800.0,1523765000.0,-200.0,200.0,0.0,0.0,-2360000.0,2360000.0,0.0,0.0
20/12/2022,11750.0,11200.0,550.0,0.04910714,11400.0,11750.0,10500.0,167020.0,1870484000.0,0.0,0.0,167020.0,1870484000.0,600.0,-600.0,0.0,0.0,6660000.0,-6660000.0,0.0,0.0
19/12/2022,11200.0,11100.0,100.0,0.00900901,11200.0,11500.0,10800.0,110700.0,1244390000.0,0.0,0.0,110700.0,1244390000.0,0.0,0.0,0.0,0.0,0.0,0.0,0.0,0.0
16/12/2022,11100.0,10400.0,700.0,0.06730769,10400.0,11100.0,10000.0,270257.0,2863254650.0,0.0,0.0,270257.0,2863254650.0,600.0,-600.0,0.0,0.0,6450000.0,-6450000.0,0.0,0.0
15/12/2022,10400.0,10400.0,0.0,0.0,10900.0,10900.0,10000.0,53340.0,548121070.0,0.0,0.0,53340.0,548121070.0,3200.0,-3200.0,0.0,0.0,33290001.0,-33290000.0,0.0,0.0
14/12/2022,10400.0,10000.0,400.0,0.04,10550.0,10700.0,10000.0,101300.0,1039125000.0,0.0,0.0,101300.0,1039125000.0,0.0,0.0,0.0,0.0,0.0,0.0,0.0,0.0
13/12/2022,10000.0,10500.0,-500.0,-0.04761905,9850.0,10500.0,9850.0,15000.0,150353000.0,0.0,0.0,15000.0,150353000.0,0.0,0.0,0.0,0.0,0.0,0.0,0.0,0.0
12/12/2022,10500.0,11150.0,-650.0,-0.05829596,11250.0,11400.0,10500.0,27450.0,295430000.0,0.0,0.0,27450.0,295430000.0,-600.0,600.0,0.0,0.0,-6485000.0,6485000.0,0.0,0.0
09/12/2022,11150.0,11250.0,-100.0,-0.00888889,10600.0,11800.0,10600.0,12810.0,140808000.0,0.0,0.0,12810.0,140808000.0,-100.0,100.0,0.0,0.0,-1100000.0,1100000.0,0.0,0.0
08/12/2022,11250.0,10650.0,600.0,0.05633803,10200.0,11350.0,10200.0,175710.0,1918088050.0,0.0,0.0,175710.0,1918088050.0,100.0,-100.0,0.0,0.0,1125000.0,-1125000.0,0.0,0.0
07/12/2022,10650.0,11450.0,-800.0,-0.069869,10750.0,11450.0,10650.0,112740.0,1209874000.0,0.0,0.0,112740.0,1209874000.0,0.0,0.0,0.0,0.0,0.0,0.0,0.0,0.0
06/12/2022,11450.0,12300.0,-850.0,-0.06910569,11600.0,12500.0,11450.0,102555.0,1180859750.0,0.0,0.0,102555.0,1180859750.0,4000.0,-4000.0,0.0,0.0,45850000.0,-45850000.0,0.0,0.0
05/12/2022,12300.0,11900.0,400.0,0.03361345,12700.0,12700.0,12150.0,57813.0,720268700.0,0.0,0.0,57813.0,720268700.0,405.0,-400.0,0.0,-5.0,5076500.0,-5020000.0,0.0,-56500.0
02/12/2022,11900.0,11150.0,750.0,0.06726457,11900.0,11900.0,11500.0,169256.0,2006537250.0,0.0,0.0,169256.0,2006537250.0,-3895.0,3895.0,0.0,0.0,-46354250.0,46354250.0,0.0,0.0
01/12/2022,11150.0,10450.0,700.0,0.06698565,11150.0,11150.0,11150.0,11226.0,125169900.0,0.0,0.0,11226.0,125169900.0,100.0,-100.0,0.0,0.0,1115000.0,-1115000.0,0.0,0.0
30/11/2022,10450.0,9800.0,650.0,0.06632653,9800.0,10450.0,9620.0,694800.0,6813738000.0,0.0,0.0,694800.0,6813738000.0,-557500.0,557500.0,0.0,0.0,-5442005000.0,5442005000.0,0.0,0.0
29/11/2022,9800.0,9700.0,100.0,0.01030928,9400.0,10200.0,9400.0,68348.0,674663780.0,0.0,0.0,68348.0,674663780.0,-100.0,100.0,0.0,0.0,-969000.0,969000.0,0.0,0.0
28/11/2022,9700.0,9600.0,100.0,0.01041667,9200.0,10000.0,9200.0,51100.0,498340000.0,0.0,0.0,51100.0,498340000.0,400.0,-400.0,0.0,0.0,3935000.0,-3935000.0,0.0,0.0
25/11/2022,9600.0,9600.0,0.0,0.0,9500.0,9750.0,9400.0,4339.0,41287400.0,0.0,0.0,4339.0,41287400.0,0.0,0.0,0.0,0.0,0.0,0.0,0.0,0.0
24/11/2022,9600.0,9600.0,0.0,0.0,9000.0,9660.0,9000.0,24300.0,224263000.0,0.0,0.0,24300.0,224263000.0,0.0,0.0,0.0,0.0,0.0,0.0,0.0,0.0
23/11/2022,9600.0,10000.0,-400.0,-0.04,10000.0,10050.0,9600.0,7346.0,72397500.0,0.0,0.0,7346.0,72397500.0,39.0,-39.0,-39.0,0.0,370500.0,-370500.0,-371000.0,0.0
22/11/2022,10000.0,10000.0,0.0,0.0,9500.0,10200.0,9500.0,42325.0,421764600.0,0.0,0.0,42325.0,421764600.0,20.0,-20.0,-20.0,0.0,193600.0,-193600.0,-194000.0,0.0
21/11/2022,10000.0,9500.0,500.0,0.05263158,8930.0,10000.0,8930.0,57400.0,526201000.0,0.0,0.0,57400.0,526201000.0,0.0,0.0,0.0,0.0,0.0,0.0,0.0,0.0
18/11/2022,9500.0,9360.0,140.0,0.01495726,9750.0,9750.0,8910.0,21200.0,198859000.0,0.0,0.0,21200.0,198859000.0,0.0,0.0,0.0,0.0,0.0,0.0,0.0,0.0
17/11/2022,9360.0,9900.0,-540.0,-0.05454545,10000.0,10100.0,9350.0,20951.0,198673350.0,0.0,0.0,20951.0,198673350.0,30.0,0.0,0.0,-30.0,299350.0,0.0,0.0,-299350.0
16/11/2022,9900.0,9580.0,320.0,0.03340292,8920.0,9900.0,8910.0,44210.0,415229100.0,0.0,0.0,44210.0,415229100.0,0.0,0.0,0.0,0.0,0.0,0.0,0.0,0.0
15/11/2022,9580.0,9580.0,0.0,0.0,8920.0,9920.0,8910.0,32355.0,296919450.0,0.0,0.0,32355.0,296919450.0,0.0,0.0,0.0,0.0,0.0,0.0,0.0,0.0
14/11/2022,9580.0,9500.0,80.0,0.00842105,9500.0,9850.0,8840.0,34600.0,315744000.0,0.0,0.0,34600.0,315744000.0,0.0,0.0,0.0,0.0,0.0,0.0,0.0,0.0
11/11/2022,9500.0,9300.0,200.0,0.02150538,9300.0,9500.0,8650.0,28700.0,267600000.0,0.0,0.0,28700.0,267600000.0,0.0,0.0,0.0,0.0,0.0,0.0,0.0,0.0
10/11/2022,9300.0,10000.0,-700.0,-0.07,9500.0,10000.0,9300.0,81000.0,753560000.0,0.0,0.0,81000.0,753560000.0,1700.0,-1700.0,0.0,0.0,15810000.0,-15810000.0,0.0,0.0
09/11/2022,10000.0,10050.0,-50.0,-0.00497512,10100.0,10550.0,9850.0,7900.0,79755000.0,0.0,0.0,7900.0,79755000.0,0.0,0.0,0.0,0.0,0.0,0.0,0.0,0.0
08/11/2022,10050.0,10150.0,-100.0,-0.00985222,10100.0,10150.0,9440.0,63950.0,608996000.0,0.0,0.0,63950.0,608996000.0,150.0,-100.0,0.0,-50.0,1419000.0,-944000.0,0.0,-475000.0
07/11/2022,10150.0,10900.0,-750.0,-0.06880734,10200.0,10750.0,10150.0,6705.0,68451000.0,0.0,0.0,6705.0,68451000.0,0.0,0.0,0.0,0.0,0.0,0.0,0.0,0.0
04/11/2022,10900.0,11200.0,-300.0,-0.02678571,11000.0,11150.0,10450.0,63600.0,674825000.0,0.0,0.0,63600.0,674825000.0,0.0,0.0,0.0,0.0,0.0,0.0,0.0,0.0
03/11/2022,11200.0,11300.0,-100.0,-0.00884956,11550.0,11550.0,11000.0,20800.0,236035000.0,0.0,0.0,20800.0,236035000.0,800.0,-800.0,0.0,0.0,9245000.0,-9245000.0,0.0,0.0
02/11/2022,11300.0,11250.0,50.0,0.00444444,10700.0,11350.0,10700.0,73478.0,809859000.0,0.0,0.0,73478.0,809859000.0,178.0,-178.0,-178.0,0.0,1899000.0,-1899000.0,-1899000.0,0.0
01/11/2022,11250.0,11200.0,50.0,0.00446429,11200.0,11350.0,10550.0,41600.0,446900000.0,0.0,0.0,41600.0,446900000.0,0.0,0.0,0.0,0.0,0.0,0.0,0.0,0.0
31/10/2022,11200.0,11000.0,200.0,0.01818182,11500.0,11500.0,10500.0,10200.0,113460000.0,0.0,0.0,10200.0,113460000.0,-2000.0,2000.0,0.0,0.0,-22335000.0,22335000.0,0.0,0.0
28/10/2022,11000.0,10550.0,450.0,0.04265403,10500.0,11100.0,10200.0,55113.0,600586300.0,0.0,0.0,55113.0,600586300.0,0.0,0.0,0.0,0.0,0.0,0.0,0.0,0.0
27/10/2022,10550.0,9890.0,660.0,0.06673407,10550.0,10550.0,9890.0,30100.0,314392000.0,0.0,0.0,30100.0,314392000.0,0.0,0.0,0.0,0.0,0.0,0.0,0.0,0.0
26/10/2022,9890.0,10150.0,-260.0,-0.02561576,9440.0,10200.0,9440.0,36117.0,344093400.0,0.0,0.0,36117.0,344093400.0,100.0,-100.0,0.0,0.0,946000.0,-946000.0,0.0,0.0
25/10/2022,10150.0,10900.0,-750.0,-0.06880734,10900.0,10900.0,10150.0,83867.0,854855250.0,0.0,0.0,83867.0,854855250.0,-12000.0,12000.0,12000.0,0.0,-122100000.0,122100000.0,122100000.0,0.0
24/10/2022,10900.0,11700.0,-800.0,-0.06837607,12300.0,12300.0,10900.0,53600.0,585780000.0,0.0,0.0,53600.0,585780000.0,0.0,0.0,0.0,0.0,0.0,0.0,0.0,0.0
21/10/2022,11700.0,12550.0,-850.0,-0.06772908,12500.0,12500.0,11700.0,47920.0,565088800.0,0.0,0.0,47920.0,565088800.0,300.0,-300.0,0.0,0.0,3390000.0,-3390000.0,0.0,0.0
20/10/2022,12550.0,12900.0,-350.0,-0.02713178,13150.0,13150.0,12550.0,1118820.0,14328963000.0,0.0,0.0,1118820.0,14328963000.0,-71500.0,71500.0,76900.0,0.0,-911610000.0,911610000.0,982130000.0,0.0
19/10/2022,12900.0,13400.0,-500.0,-0.03731343,12700.0,13400.0,12700.0,1074400.0,13837765000.0,0.0,0.0,1074400.0,13837765000.0,-27600.0,43000.0,40300.0,-15400.0,-354300000.0,550835000.0,515310000.0,-196535000.0
18/10/2022,13400.0,13750.0,-350.0,-0.02545455,13950.0,13950.0,13150.0,62238.0,857382000.0,0.0,0.0,62238.0,857382000.0,-100.0,100.0,0.0,0.0,-1345000.0,1345000.0,0.0,0.0
17/10/2022,13750.0,14200.0,-450.0,-0.03169014,14250.0,14250.0,13750.0,417200.0,5902910000.0,0.0,0.0,417200.0,5902910000.0,0.0,0.0,0.0,0.0,35000.0,-35000.0,0.0,0.0
14/10/2022,14200.0,14200.0,0.0,0.0,14200.0,14600.0,14000.0,68714.0,982004900.0,0.0,0.0,68714.0,982004900.0,-600.0,600.0,0.0,0.0,-8720000.0,8720000.0,0.0,0.0
13/10/2022,14200.0,14900.0,-700.0,-0.04697987,14900.0,14900.0,14100.0,9601.0,140424100.0,0.0,0.0,9601.0,140424100.0,0.0,0.0,0.0,0.0,0.0,0.0,0.0,0.0
12/10/2022,14900.0,14900.0,0.0,0.0,14000.0,15600.0,13900.0,27080.0,388265000.0,0.0,0.0,27080.0,388265000.0,-1500.0,1500.0,0.0,0.0,-21320000.0,21320000.0,0.0,0.0
11/10/2022,14900.0,15650.0,-750.0,-0.04792332,15150.0,15150.0,14600.0,489200.0,7314590000.0,335000.0,5594500000.0,824200.0,12909090000.0,100.0,-100.0,0.0,0.0,1460000.0,-1460000.0,0.0,0.0
10/10/2022,15650.0,15800.0,-150.0,-0.00949367,15000.0,15800.0,15000.0,262167.0,4111172600.0,0.0,0.0,262167.0,4111172600.0,250100.0,-250100.0,0.0,0.0,3926565000.0,-3926565000.0,0.0,0.0
07/10/2022,15800.0,16300.0,-500.0,-0.03067485,15300.0,16000.0,15200.0,17038.0,265902700.0,0.0,0.0,17038.0,265902700.0,-293.0,300.0,0.0,-7.0,-4528601.0,4635000.0,0.0,-106400.0
06/10/2022,16300.0,16500.0,-200.0,-0.01212121,16250.0,16450.0,16000.0,14972.0,243463650.0,0.0,0.0,14972.0,243463650.0,0.0,0.0,0.0,0.0,0.0,0.0,0.0,0.0
05/10/2022,16500.0,16500.0,0.0,0.0,16700.0,16700.0,15350.0,28911.0,470901650.0,0.0,0.0,28911.0,470901650.0,2800.0,-2800.0,0.0,0.0,44365000.0,-44365000.0,0.0,0.0
04/10/2022,16500.0,16500.0,0.0,0.0,16500.0,16500.0,16000.0,77800.0,1253205000.0,0.0,0.0,77800.0,1253205000.0,0.0,0.0,0.0,0.0,0.0,0.0,0.0,0.0
03/10/2022,16500.0,17700.0,-1200.0,-0.06779661,16800.0,18000.0,16500.0,9693.0,165339500.0,0.0,0.0,9693.0,165339500.0,-2907.0,2907.0,0.0,0.0,-51395500.0,51395500.0,0.0,0.0
30/09/2022,17700.0,18000.0,-300.0,-0.01666667,17300.0,17700.0,16800.0,26803.0,458318000.0,0.0,0.0,26803.0,458318000.0,4500.0,-4500.0,0.0,0.0,77130000.0,-77130000.0,0.0,0.0
29/09/2022,18000.0,18150.0,-150.0,-0.00826446,17550.0,18000.0,17550.0,7900.0,141825000.0,0.0,0.0,7900.0,141825000.0,400.0,-400.0,0.0,0.0,7130000.0,-7130000.0,0.0,0.0
28/09/2022,18150.0,18150.0,0.0,0.0,17450.0,18150.0,17300.0,11622.0,206770200.0,0.0,0.0,11622.0,206770200.0,-778.0,778.0,0.0,0.0,-14239800.0,14239800.0,0.0,0.0
27/09/2022,18150.0,17900.0,250.0,0.01396648,18300.0,18300.0,17200.0,22102.0,394807000.0,0.0,0.0,22102.0,394807000.0,-600.0,600.0,0.0,0.0,-10740000.0,10740000.0,0.0,0.0
26/09/2022,17900.0,18250.0,-350.0,-0.01917808,17000.0,18000.0,17000.0,42100.0,744985000.0,0.0,0.0,42100.0,744985000.0,-1100.0,1100.0,0.0,0.0,-19220000.0,19220000.0,0.0,0.0
23/09/2022,18250.0,18250.0,0.0,0.0,18500.0,19200.0,18250.0,65968.0,1223973000.0,0.0,0.0,65968.0,1223973000.0,-138.0,138.0,-62.0,0.0,-2623000.0,2623000.0,-1147000.0,0.0
22/09/2022,18250.55,26950.0,-450.0,-0.01669759,18457.16,18594.9,17906.2,184077.0,4875799500.0,0.0,0.0,184077.0,4875799500.0,-200.0,200.0,0.0,0.0,-5225000.0,5225000.0,0.0,0.0
21/09/2022,18560.465,26800.0,150.0,0.00559701,18457.16,18594.9,17768.46,101072.0,2661991350.0,0.0,0.0,101072.0,2661991350.0,1400.0,-1400.0,0.0,0.0,36170000.0,-36170000.0,0.0,0.0
20/09/2022,18457.16,26700.0,100.0,0.00374532,18388.29,18526.03,17768.46,29236.0,773221550.0,0.0,0.0,29236.0,773221550.0,200.0,-200.0,0.0,0.0,5325000.0,-5325000.0,0.0,0.0
19/09/2022,18388.29,26550.0,150.0,0.00564972,17768.46,18526.03,17768.46,31110.0,824476850.0,0.0,0.0,31110.0,824476850.0,2849.0,1551.0,0.0,-4400.0,71774550.0,41745450.0,0.0,-113520000.0
16/09/2022,18284.985,27500.0,-950.0,-0.03454545,18629.335,19214.73,18078.375,13384.0,362956850.0,0.0,0.0,13384.0,362956850.0,1156.0,-1060.0,0.0,0.0,30835950.0,-28293950.0,0.0,0.0
15/09/2022,18939.25,27800.0,-300.0,-0.01079137,18594.9,18939.25,18250.55,22599.0,608429200.0,0.0,0.0,22599.0,608429200.0,580.0,83.0,0.0,-600.0,15577000.0,2224400.0,0.0,-16120000.0
14/09/2022,19145.86,27900.0,-100.0,-0.00358423,18043.94,19145.86,18043.94,9500.0,260655000.0,0.0,0.0,9500.0,260655000.0,-600.0,600.0,0.0,0.0,-16755000.0,16755000.0,0.0,0.0
13/09/2022,19214.73,27900.0,0.0,0.0,19214.73,19283.6,18939.25,16100.0,448160000.0,0.0,0.0,16100.0,448160000.0,389.0,-389.0,0.0,0.0,10614300.0,-10614300.0,0.0,0.0
12/09/2022,19214.73,26900.0,1000.0,0.03717472,18939.25,19214.73,17940.635,128887.0,3505035300.0,0.0,0.0,128887.0,3505035300.0,-100.0,109.0,0.0,0.0,-3085900.0,3313600.0,0.0,0.0
09/09/2022,18526.03,25800.0,1100.0,0.04263566,17768.46,18594.9,17561.85,131800.0,3417520000.0,0.0,0.0,131800.0,3417520000.0,0.0,0.0,0.0,0.0,0.0,0.0,0.0,0.0
08/09/2022,17768.46,26850.0,-1050.0,-0.03910615,18457.16,18457.16,17768.46,31400.0,823805000.0,0.0,0.0,31400.0,823805000.0,0.0,0.0,0.0,0.0,0.0,0.0,0.0,0.0
07/09/2022,18491.595,26950.0,-100.0,-0.00371058,18319.42,18594.9,17355.24,109500.0,2825200000.0,0.0,0.0,109500.0,2825200000.0,0.0,0.0,0.0,0.0,105000.0,-105000.0,0.0,0.0
06/09/2022,18560.465,26700.0,250.0,0.0093633,18388.29,18732.64,18250.55,57600.0,1558585000.0,0.0,0.0,57600.0,1558585000.0,0.0,0.0,0.0,0.0,0.0,0.0,0.0,0.0
05/09/2022,18388.29,26600.0,100.0,0.0037594,18250.55,18904.815,18250.55,15000.0,399375000.0,0.0,0.0,15000.0,399375000.0,500.0,-500.0,0.0,0.0,13250000.0,-13250000.0,0.0,0.0
31/08/2022,18319.42,27250.0,-650.0,-0.02385321,18216.115,18560.465,18078.375,16900.0,448800000.0,0.0,0.0,16900.0,448800000.0,-100.0,100.0,0.0,0.0,-2635000.0,2635000.0,0.0,0.0
30/08/2022,18767.075,27500.0,-250.0,-0.00909091,18526.03,18939.25,17940.635,24200.0,649730000.0,0.0,0.0,24200.0,649730000.0,-600.0,600.0,0.0,0.0,-16290000.0,16290000.0,0.0,0.0
29/08/2022,18939.25,26950.0,550.0,0.02040816,18250.55,18939.25,18043.94,48000.0,1277670000.0,245000.0,7031500000.0,293000.0,8309170000.0,-10000.0,10000.0,0.0,0.0,-275000000.0,275000000.0,0.0,0.0
26/08/2022,18560.465,27400.0,-450.0,-0.01642336,19042.555,19042.555,18560.465,5900.0,160340000.0,0.0,0.0,5900.0,160340000.0,0.0,0.0,0.0,0.0,0.0,0.0,0.0,0.0
25/08/2022,18870.38,27050.0,350.0,0.012939,18457.16,18904.815,18457.16,17800.0,480060000.0,0.0,0.0,17800.0,480060000.0,-100.0,100.0,0.0,0.0,-2715000.0,2715000.0,0.0,0.0
24/08/2022,18629.335,27000.0,50.0,0.00185185,19249.165,19249.165,18594.9,48200.0,1302555000.0,0.0,0.0,48200.0,1302555000.0,0.0,0.0,0.0,0.0,0.0,0.0,0.0,0.0
23/08/2022,18594.9,26850.0,150.0,0.00558659,18594.9,18870.38,18491.595,24600.0,662445000.0,0.0,0.0,24600.0,662445000.0,-100.0,100.0,0.0,0.0,-2685000.0,2685000.0,0.0,0.0
22/08/2022,18491.595,27600.0,-750.0,-0.02717391,19008.12,19076.99,18491.595,20700.0,559920000.0,0.0,0.0,20700.0,559920000.0,0.0,0.0,0.0,0.0,0.0,0.0,0.0,0.0
19/08/2022,19008.12,27400.0,200.0,0.00729927,19834.56,19834.56,18732.64,23200.0,636925000.0,0.0,0.0,23200.0,636925000.0,1000.0,-1000.0,0.0,0.0,27600000.0,-27600000.0,0.0,0.0
18/08/2022,18870.38,27900.0,-500.0,-0.01792115,19214.73,19214.73,18594.9,8900.0,242830000.0,0.0,0.0,8900.0,242830000.0,-100.0,100.0,0.0,0.0,-2750000.0,2750000.0,0.0,0.0
17/08/2022,19214.73,28250.0,-350.0,-0.01238938,19008.12,19283.6,18939.25,14200.0,393000000.0,0.0,0.0,14200.0,393000000.0,-100.0,100.0,0.0,0.0,-2755000.0,2755000.0,0.0,0.0
16/08/2022,19455.775,28300.0,-50.0,-0.00176678,19490.21,19490.21,18732.64,22800.0,632765000.0,0.0,0.0,22800.0,632765000.0,-100.0,100.0,0.0,0.0,-2795000.0,2795000.0,0.0,0.0
15/08/2022,19490.21,28400.0,-100.0,-0.00352113,19903.43,19972.3,19352.47,77300.0,2206930000.0,0.0,0.0,77300.0,2206930000.0,1200.0,-1200.0,0.0,0.0,34080000.0,-34080000.0,0.0,0.0
12/08/2022,19559.08,28300.0,100.0,0.00353357,19490.21,19662.385,19386.905,16300.0,462305000.0,0.0,0.0,16300.0,462305000.0,-1100.0,1100.0,0.0,0.0,-31350000.0,31350000.0,0.0,0.0
11/08/2022,19490.21,28000.0,300.0,0.01071429,19283.6,20178.91,19283.6,137000.0,3967780000.0,0.0,0.0,137000.0,3967780000.0,100.0,-100.0,0.0,0.0,2860000.0,-2860000.0,0.0,0.0
10/08/2022,19283.6,28150.0,-150.0,-0.0053286,19352.47,19386.905,18939.25,20100.0,559200000.0,0.0,0.0,20100.0,559200000.0,100.0,-100.0,0.0,0.0,2755000.0,-2755000.0,0.0,0.0
09/08/2022,19386.905,27600.0,550.0,0.01992754,19076.99,19696.82,18801.51,123900.0,3464300000.0,0.0,0.0,123900.0,3464300000.0,-1000.0,1000.0,0.0,0.0,-28710000.0,28710000.0,0.0,0.0
08/08/2022,19008.12,26900.0,700.0,0.0260223,18526.03,19076.99,18250.55,111100.0,2978865000.0,0.0,0.0,111100.0,2978865000.0,0.0,0.0,0.0,0.0,0.0,0.0,0.0,0.0
05/08/2022,18526.03,27900.0,-1000.0,-0.03584229,18457.16,19214.73,18181.68,14000.0,378960000.0,0.0,0.0,14000.0,378960000.0,0.0,0.0,0.0,0.0,0.0,0.0,0.0,0.0
04/08/2022,19214.73,27950.0,-50.0,-0.00178891,19490.21,19490.21,18870.38,46000.0,1276775000.0,0.0,0.0,46000.0,1276775000.0,0.0,0.0,0.0,0.0,0.0,0.0,0.0,0.0
03/08/2022,19249.165,27850.0,100.0,0.00359066,18663.77,19352.47,18388.29,135200.0,3698340000.0,0.0,0.0,135200.0,3698340000.0,-200.0,200.0,0.0,0.0,-5430000.0,5430000.0,0.0,0.0
02/08/2022,19180.295,28100.0,-250.0,-0.0088968,19042.555,19283.6,18594.9,102300.0,2815950000.0,0.0,0.0,102300.0,2815950000.0,0.0,0.0,0.0,0.0,0.0,0.0,0.0,0.0
01/08/2022,19352.47,28100.0,0.0,0.0,18457.16,19972.3,18250.55,100900.0,2751615000.0,0.0,0.0,100900.0,2751615000.0,0.0,0.0,0.0,0.0,-15000.0,15000.0,0.0,0.0
29/07/2022,19352.47,26350.0,1750.0,0.06641366,18801.51,19386.905,18594.9,210900.0,5908020000.0,0.0,0.0,210900.0,5908020000.0,-3400.0,3400.0,0.0,0.0,-94520000.0,94520000.0,0.0,0.0
28/07/2022,18147.245,26000.0,350.0,0.01346154,17906.2,18594.9,17906.2,40900.0,1079535000.0,0.0,0.0,40900.0,1079535000.0,0.0,0.0,0.0,0.0,0.0,0.0,0.0,0.0
27/07/2022,17906.2,26000.0,0.0,0.0,17906.2,17906.2,17561.85,91200.0,2360645000.0,0.0,0.0,91200.0,2360645000.0,0.0,0.0,0.0,0.0,0.0,0.0,0.0,0.0
26/07/2022,17906.2,26000.0,0.0,0.0,17389.675,18250.55,17389.675,24700.0,643205000.0,0.0,0.0,24700.0,643205000.0,0.0,0.0,0.0,0.0,0.0,0.0,0.0,0.0
25/07/2022,17906.2,25800.0,200.0,0.00775194,17768.46,17906.2,17251.935,28400.0,731945000.0,0.0,0.0,28400.0,731945000.0,0.0,0.0,0.0,0.0,0.0,0.0,0.0,0.0
22/07/2022,17768.46,25750.0,50.0,0.00194175,17596.285,18250.55,17217.5,101000.0,2607060000.0,0.0,0.0,101000.0,2607060000.0,0.0,0.0,0.0,0.0,0.0,0.0,0.0,0.0
21/07/2022,17734.025,25800.0,-50.0,-0.00193798,17768.46,18594.9,17699.59,24700.0,639400000.0,0.0,0.0,24700.0,639400000.0,-100.0,100.0,0.0,0.0,-2600000.0,2600000.0,0.0,0.0
20/07/2022,17768.46,25800.0,0.0,0.0,17837.33,17906.2,17630.72,36300.0,939195000.0,0.0,0.0,36300.0,939195000.0,0.0,0.0,0.0,0.0,0.0,0.0,0.0,0.0
19/07/2022,17768.46,25550.0,250.0,0.00978474,17596.285,17768.46,17217.5,4700.0,118780000.0,0.0,0.0,4700.0,118780000.0,0.0,0.0,0.0,0.0,0.0,0.0,0.0,0.0
18/07/2022,17596.285,25700.0,-150.0,-0.00583658,17768.46,17975.07,17561.85,46400.0,1199560000.0,0.0,0.0,46400.0,1199560000.0,200.0,-200.0,0.0,0.0,5100000.0,-5100000.0,0.0,0.0
15/07/2022,17699.59,25750.0,-50.0,-0.00194175,17734.025,17734.025,17424.11,12400.0,316950000.0,0.0,0.0,12400.0,316950000.0,0.0,0.0,0.0,0.0,0.0,0.0,0.0,0.0
14/07/2022,17734.025,25800.0,-50.0,-0.00193798,17802.895,17802.895,17561.85,11500.0,295680000.0,0.0,0.0,11500.0,295680000.0,0.0,0.0,0.0,0.0,0.0,0.0,0.0,0.0
13/07/2022,17768.46,25650.0,150.0,0.00584795,17665.155,18181.68,17492.98,17300.0,444850000.0,0.0,0.0,17300.0,444850000.0,200.0,0.0,0.0,-200.0,5130000.0,0.0,0.0,-5130000.0
12/07/2022,17665.155,24500.0,1150.0,0.04693878,17699.59,17699.59,16907.585,34000.0,862790000.0,0.0,0.0,34000.0,862790000.0,800.0,-800.0,0.0,0.0,19680000.0,-19680000.0,0.0,0.0
11/07/2022,16873.15,24200.0,300.0,0.01239669,16597.67,16942.02,16425.495,39000.0,949045000.0,0.0,0.0,39000.0,949045000.0,2500.0,-2500.0,0.0,0.0,60155000.0,-60155000.0,0.0,0.0
08/07/2022,16666.54,24600.0,-400.0,-0.01626016,17768.46,17768.46,16391.06,14500.0,355780000.0,0.0,0.0,14500.0,355780000.0,0.0,0.0,0.0,0.0,0.0,0.0,0.0,0.0
07/07/2022,16942.02,24600.0,0.0,0.0,16528.8,16942.02,15840.1,28600.0,688510000.0,0.0,0.0,28600.0,688510000.0,700.0,-700.0,0.0,0.0,17000000.0,-17000000.0,0.0,0.0
06/07/2022,16942.02,24650.0,-50.0,-0.0020284,16253.32,16942.02,16253.32,25800.0,627635000.0,0.0,0.0,25800.0,627635000.0,-900.0,900.0,0.0,0.0,-22060000.0,22060000.0,0.0,0.0
05/07/2022,16976.455,25800.0,-1150.0,-0.04457364,17251.935,17286.37,16976.455,23300.0,577740000.0,0.0,0.0,23300.0,577740000.0,0.0,0.0,0.0,0.0,0.0,0.0,0.0,0.0
04/07/2022,17768.46,25600.0,200.0,0.0078125,17286.37,17837.33,17217.5,30200.0,773385000.0,0.0,0.0,30200.0,773385000.0,0.0,0.0,0.0,0.0,0.0,0.0,0.0,0.0
01/07/2022,17630.72,26000.0,-400.0,-0.01538462,17286.37,17630.72,16804.28,33000.0,828755000.0,0.0,0.0,33000.0,828755000.0,200.0,-200.0,0.0,0.0,5030000.0,-5030000.0,0.0,0.0
30/06/2022,17906.2,26000.0,0.0,0.0,17837.33,17906.2,16873.15,40800.0,1039920000.0,0.0,0.0,40800.0,1039920000.0,0.0,0.0,0.0,0.0,0.0,0.0,0.0,0.0
29/06/2022,17906.2,26000.0,0.0,0.0,17768.46,18491.595,17665.155,31200.0,807765000.0,0.0,0.0,31200.0,807765000.0,-100.0,100.0,0.0,0.0,-2570000.0,2570000.0,0.0,0.0
28/06/2022,17906.2,26100.0,-100.0,-0.00383142,18457.16,18457.16,17906.2,36800.0,959755000.0,0.0,0.0,36800.0,959755000.0,0.0,0.0,0.0,0.0,0.0,0.0,0.0,0.0
27/06/2022,17975.07,24500.0,1600.0,0.06530612,16873.15,17975.07,15874.535,133800.0,3326515000.0,0.0,0.0,133800.0,3326515000.0,0.0,0.0,0.0,0.0,0.0,0.0,0.0,0.0
24/06/2022,16873.15,24700.0,-200.0,-0.00809717,16563.235,17045.325,16391.06,67500.0,1640840000.0,0.0,0.0,67500.0,1640840000.0,0.0,0.0,0.0,0.0,0.0,0.0,0.0,0.0
23/06/2022,17010.89,24500.0,200.0,0.00816327,16356.625,17010.89,16356.625,45400.0,1103295000.0,0.0,0.0,45400.0,1103295000.0,0.0,0.0,0.0,0.0,-70000.0,70000.0,0.0,0.0
22/06/2022,16873.15,24700.0,-200.0,-0.00809717,16528.8,17079.76,16528.8,59900.0,1463465000.0,0.0,0.0,59900.0,1463465000.0,-100.0,100.0,0.0,0.0,-2480000.0,2480000.0,0.0,0.0
21/06/2022,17010.89,24650.0,50.0,0.0020284,15977.84,17010.89,15805.665,184900.0,4405425000.0,0.0,0.0,184900.0,4405425000.0,0.0,0.0,0.0,0.0,0.0,0.0,0.0,0.0
20/06/2022,16976.455,26500.0,-1850.0,-0.06981132,17906.2,17906.2,16976.455,337700.0,8343330000.0,0.0,0.0,337700.0,8343330000.0,-600.0,600.0,0.0,0.0,-14860000.0,14860000.0,0.0,0.0
17/06/2022,18250.55,26800.0,-300.0,-0.01119403,17217.5,18388.29,17183.065,227200.0,5840860000.0,0.0,0.0,227200.0,5840860000.0,1400.0,-1400.0,0.0,0.0,37140000.0,-37140000.0,0.0,0.0
16/06/2022,18457.16,26800.0,0.0,0.0,18388.29,18526.03,18147.245,82000.0,2196830000.0,0.0,0.0,82000.0,2196830000.0,0.0,0.0,0.0,0.0,0.0,0.0,0.0,0.0
15/06/2022,18457.16,27000.0,-200.0,-0.00740741,19076.99,19076.99,17320.805,219700.0,5780970000.0,0.0,0.0,219700.0,5780970000.0,700.0,-700.0,0.0,0.0,18550000.0,-18550000.0,0.0,0.0
14/06/2022,18594.9,27900.0,-900.0,-0.03225806,18112.81,18904.815,17975.07,116500.0,3109200000.0,0.0,0.0,116500.0,3109200000.0,0.0,0.0,0.0,0.0,0.0,0.0,0.0,0.0
13/06/2022,19214.73,28250.0,-400.0,-0.01413428,19008.12,19214.73,18112.81,246400.0,6602900000.0,0.0,0.0,246400.0,6602900000.0,-100.0,100.0,0.0,0.0,-2670000.0,2670000.0,0.0,0.0
10/06/2022,19455.775,28500.0,-250.0,-0.00877193,19559.08,19972.3,19283.6,69400.0,1985835000.0,0.0,0.0,69400.0,1985835000.0,-200.0,200.0,0.0,0.0,-5725000.0,5725000.0,0.0,0.0
09/06/2022,19627.95,28500.0,0.0,0.0,19490.21,19627.95,19283.6,81800.0,2314100000.0,0.0,0.0,81800.0,2314100000.0,800.0,600.0,0.0,-1400.0,22970000.0,16930000.0,0.0,-39900000.0
08/06/2022,19627.95,28000.0,500.0,0.01785714,19283.6,20178.91,19076.99,201500.0,5704470000.0,0.0,0.0,201500.0,5704470000.0,-1300.0,1300.0,0.0,0.0,-38040000.0,38040000.0,0.0,0.0
07/06/2022,19283.6,28000.0,0.0,0.0,19765.69,19765.69,18801.51,69000.0,1913080000.0,0.0,0.0,69000.0,1913080000.0,300.0,-300.0,0.0,0.0,8260000.0,-8260000.0,0.0,0.0
06/06/2022,19283.6,27850.0,100.0,0.00358423,19283.6,19696.82,19180.295,73800.0,2083015000.0,0.0,0.0,73800.0,2083015000.0,-2300.0,2300.0,0.0,0.0,-65410000.0,65410000.0,0.0,0.0
03/06/2022,19180.295,28500.0,-650.0,-0.02280702,19180.295,19731.255,19180.295,42900.0,1199685000.0,0.0,0.0,42900.0,1199685000.0,200.0,-200.0,0.0,0.0,5405000.0,-5405000.0,0.0,0.0
02/06/2022,19627.95,29000.0,-500.0,-0.01724138,19524.645,20661.0,19524.645,28200.0,807000000.0,0.0,0.0,28200.0,807000000.0,600.0,-500.0,0.0,-100.0,17070000.0,-14235000.0,0.0,-2835000.0
01/06/2022,19972.3,28800.0,200.0,0.00694444,19559.08,19972.3,19283.6,89300.0,2528570000.0,0.0,0.0,89300.0,2528570000.0,100.0,-100.0,0.0,0.0,2840000.0,-2840000.0,0.0,0.0
31/05/2022,19834.56,29000.0,-200.0,-0.00689655,20316.65,20316.65,19627.95,99800.0,2861905000.0,0.0,0.0,99800.0,2861905000.0,-500.0,500.0,0.0,0.0,-14395000.0,14395000.0,0.0,0.0
30/05/2022,19972.3,29350.0,-350.0,-0.01192504,20316.65,20661.0,19868.995,102200.0,2985710000.0,0.0,0.0,102200.0,2985710000.0,-900.0,900.0,0.0,0.0,-26535000.0,26535000.0,0.0,0.0
27/05/2022,20213.345,30000.0,-650.0,-0.02166667,20592.13,21005.35,20110.04,83500.0,2486395000.0,0.0,0.0,83500.0,2486395000.0,600.0,-600.0,0.0,0.0,18270000.0,-18270000.0,0.0,0.0
26/05/2022,20661.0,30000.0,0.0,0.0,20661.0,20729.87,20523.26,115700.0,3469320000.0,0.0,0.0,115700.0,3469320000.0,100.0,-100.0,0.0,0.0,2990000.0,-2990000.0,0.0,0.0
25/05/2022,20661.0,29400.0,600.0,0.02040816,20006.735,20729.87,19937.865,77000.0,2278500000.0,0.0,0.0,77000.0,2278500000.0,100.0,-100.0,0.0,0.0,2990000.0,-2990000.0,0.0,0.0
24/05/2022,20247.78,29000.0,400.0,0.0137931,19972.3,20316.65,19627.95,69200.0,2003060000.0,0.0,0.0,69200.0,2003060000.0,-100.0,100.0,0.0,0.0,-2900000.0,2900000.0,0.0,0.0
23/05/2022,19972.3,30000.0,-1000.0,-0.03333333,20695.435,20970.915,19972.3,62200.0,1814790000.0,0.0,0.0,62200.0,1814790000.0,-100.0,100.0,0.0,0.0,-3045000.0,3045000.0,0.0,0.0
20/05/2022,20661.0,30100.0,-100.0,-0.00332226,21694.05,21694.05,19972.3,42600.0,1265980000.0,0.0,0.0,42600.0,1265980000.0,-400.0,400.0,0.0,0.0,-11395000.0,11395000.0,0.0,0.0
19/05/2022,20729.87,28150.0,1950.0,0.06927176,19455.775,20729.87,19352.47,199300.0,5842520000.0,0.0,0.0,199300.0,5842520000.0,100.0,-100.0,0.0,0.0,3010000.0,-3010000.0,0.0,0.0
18/05/2022,19386.905,28300.0,-150.0,-0.00530035,20247.78,20247.78,19283.6,168900.0,4846395000.0,0.0,0.0,168900.0,4846395000.0,0.0,0.0,0.0,0.0,0.0,0.0,0.0,0.0
17/05/2022,19490.21,26500.0,1800.0,0.06792453,18250.55,19490.21,17561.85,157000.0,4258810000.0,0.0,0.0,157000.0,4258810000.0,500.0,-500.0,0.0,0.0,13050000.0,-13050000.0,0.0,0.0
16/05/2022,18250.55,25650.0,850.0,0.0331384,18835.945,18870.38,17561.85,650300.0,17034345000.0,0.0,0.0,650300.0,17034345000.0,0.0,0.0,0.0,0.0,-40000.0,40000.0,0.0,0.0
13/05/2022,17665.155,27550.0,-1900.0,-0.06896552,17975.07,19283.6,17665.155,279200.0,7431645000.0,0.0,0.0,279200.0,7431645000.0,100.0,-100.0,0.0,0.0,2720000.0,-2720000.0,0.0,0.0
12/05/2022,18973.685,29600.0,-2050.0,-0.06925676,20385.52,20626.565,18973.685,187500.0,5296790000.0,0.0,0.0,187500.0,5296790000.0,-600.0,600.0,0.0,0.0,-17830000.0,17830000.0,0.0,0.0
11/05/2022,20385.52,31500.0,-1900.0,-0.06031746,21694.05,21694.05,20385.52,176500.0,5349425000.0,0.0,0.0,176500.0,5349425000.0,100.0,-100.0,0.0,0.0,3030000.0,-3030000.0,0.0,0.0
10/05/2022,21694.05,30900.0,600.0,0.01941748,20110.04,21694.05,20110.04,128700.0,3891090000.0,0.0,0.0,128700.0,3891090000.0,100.0,0.0,0.0,-100.0,3065000.0,-95000.0,0.0,-2970000.0
09/05/2022,21280.83,33200.0,-2300.0,-0.06927711,22864.84,22864.84,21280.83,227000.0,7209855000.0,0.0,0.0,227000.0,7209855000.0,0.0,0.0,0.0,0.0,0.0,0.0,0.0,0.0
06/05/2022,22864.84,32000.0,1200.0,0.0375,23553.54,23553.54,22176.14,1513800.0,51414985000.0,0.0,0.0,1513800.0,51414985000.0,341900.0,-341900.0,0.0,0.0,11693005000.0,-11693005000.0,0.0,0.0
05/05/2022,22038.4,29950.0,2050.0,0.06844741,22038.4,22038.4,22038.4,36200.0,1158400000.0,0.0,0.0,36200.0,1158400000.0,0.0,0.0,0.0,0.0,0.0,0.0,0.0,0.0
04/05/2022,20626.565,28000.0,1950.0,0.06964286,20626.565,20626.565,20626.565,93500.0,2800325000.0,0.0,0.0,93500.0,2800325000.0,0.0,0.0,0.0,0.0,0.0,0.0,0.0,0.0
29/04/2022,19283.6,28350.0,-350.0,-0.01234568,19559.08,19559.08,19076.99,152500.0,4273655000.0,0.0,0.0,152500.0,4273655000.0,0.0,0.0,0.0,0.0,0.0,0.0,0.0,0.0
28/04/2022,19524.645,28500.0,-150.0,-0.00526316,19627.95,20661.0,19524.645,71200.0,2043300000.0,0.0,0.0,71200.0,2043300000.0,0.0,0.0,0.0,0.0,0.0,0.0,0.0,0.0
27/04/2022,19627.95,28500.0,0.0,0.0,18663.77,19627.95,18663.77,39900.0,1133820000.0,0.0,0.0,39900.0,1133820000.0,0.0,0.0,0.0,0.0,0.0,0.0,0.0,0.0
26/04/2022,19627.95,27000.0,1500.0,0.05555556,18801.51,19627.95,17906.2,73500.0,1973845000.0,0.0,0.0,73500.0,1973845000.0,0.0,0.0,0.0,0.0,0.0,0.0,0.0,0.0
25/04/2022,18594.9,28000.0,-1000.0,-0.03571429,19283.6,19972.3,17940.635,122000.0,3270570000.0,0.0,0.0,122000.0,3270570000.0,0.0,100.0,0.0,-100.0,-110000.0,2810000.0,0.0,-2700000.0
22/04/2022,19283.6,28600.0,-600.0,-0.02097902,19800.125,20316.65,18319.42,177800.0,4954885000.0,0.0,0.0,177800.0,4954885000.0,100.0,200.0,0.0,-300.0,2380000.0,5800000.0,0.0,-8180000.0
21/04/2022,19696.82,30200.0,-1600.0,-0.05298013,19352.47,20351.085,19352.47,210600.0,5976985000.0,0.0,0.0,210600.0,5976985000.0,100.0,-100.0,0.0,0.0,2900000.0,-2900000.0,0.0,0.0
20/04/2022,20798.74,31000.0,-800.0,-0.02580645,21487.44,21762.92,20798.74,105300.0,3224795000.0,0.0,0.0,105300.0,3224795000.0,100.0,-100.0,0.0,0.0,3020000.0,-3020000.0,0.0,0.0
19/04/2022,21349.7,31000.0,0.0,0.0,21280.83,22313.88,21280.83,94900.0,2992985000.0,0.0,0.0,94900.0,2992985000.0,100.0,0.0,0.0,-100.0,3100000.0,0.0,0.0,-3100000.0
18/04/2022,21349.7,31950.0,-950.0,-0.02973396,21590.745,21590.745,21005.35,299900.0,9291000000.0,0.0,0.0,299900.0,9291000000.0,0.0,0.0,0.0,0.0,0.0,0.0,0.0,0.0
15/04/2022,22003.965,31600.0,350.0,0.01107595,21418.57,22382.75,21418.57,130500.0,4151770000.0,0.0,0.0,130500.0,4151770000.0,2400.0,-2400.0,0.0,0.0,75380000.0,-75380000.0,0.0,0.0
14/04/2022,21762.92,32500.0,-900.0,-0.02769231,22658.23,22658.23,21349.7,91600.0,2945640000.0,0.0,0.0,91600.0,2945640000.0,1200.0,-1000.0,0.0,-200.0,39080000.0,-32500000.0,0.0,-6580000.0
13/04/2022,22382.75,31900.0,600.0,0.01880878,21143.09,22382.75,21143.09,144100.0,4575755000.0,0.0,0.0,144100.0,4575755000.0,100.0,-100.0,0.0,0.0,3105000.0,-3105000.0,0.0,0.0
12/04/2022,21969.53,32100.0,-200.0,-0.00623053,22176.14,22486.055,21005.35,201200.0,6387275000.0,0.0,0.0,201200.0,6387275000.0,-200.0,300.0,0.0,-100.0,-6325000.0,9475000.0,0.0,-3150000.0
08/04/2022,22107.27,34500.0,-2400.0,-0.06956522,23415.8,23691.28,22107.27,540200.0,17807555000.0,0.0,0.0,540200.0,17807555000.0,23700.0,-23700.0,0.0,0.0,780125000.0,-780125000.0,0.0,0.0
07/04/2022,23760.15,35000.0,-500.0,-0.01428571,24414.415,24414.415,23760.15,155800.0,5418140000.0,0.0,0.0,155800.0,5418140000.0,2700.0,-2100.0,0.0,-600.0,93685000.0,-72865000.0,0.0,-20820000.0
06/04/2022,24104.5,35950.0,-950.0,-0.02642559,24242.24,25068.68,23760.15,213800.0,7593350000.0,0.0,0.0,213800.0,7593350000.0,17100.0,-17100.0,0.0,0.0,614135000.0,-614135000.0,0.0,0.0
05/04/2022,24758.765,33800.0,2150.0,0.06360947,22968.145,24793.2,22968.145,642300.0,22466460000.0,0.0,0.0,642300.0,22466460000.0,118500.0,-118500.0,0.0,0.0,4172080000.0,-4172080000.0,0.0,0.0
04/04/2022,23278.06,33600.0,200.0,0.00595238,23071.45,23381.365,22933.71,172700.0,5793995000.0,0.0,0.0,172700.0,5793995000.0,500.0,-500.0,0.0,0.0,16735000.0,-16735000.0,0.0,0.0
01/04/2022,23140.32,33700.0,-100.0,-0.00296736,22864.84,23381.365,22864.84,375300.0,12643905000.0,0.0,0.0,375300.0,12643905000.0,76600.0,-76600.0,0.0,0.0,2582675000.0,-2582675000.0,0.0,0.0
31/03/2022,23209.19,33800.0,-100.0,-0.00295858,23346.93,23415.8,23002.58,233100.0,7843070000.0,0.0,0.0,233100.0,7843070000.0,10500.0,-10500.0,0.0,0.0,356200000.0,-356200000.0,0.0,0.0
30/03/2022,23278.06,33500.0,300.0,0.00895522,22968.145,23760.15,22933.71,388500.0,13195305000.0,0.0,0.0,388500.0,13195305000.0,13100.0,-13100.0,0.0,0.0,445015000.0,-445015000.0,0.0,0.0
29/03/2022,23071.45,33250.0,250.0,0.0075188,23278.06,23760.15,22933.71,425000.0,14491565000.0,0.0,0.0,425000.0,14491565000.0,99200.0,-99200.0,0.0,0.0,3363115000.0,-3363115000.0,0.0,0.0
28/03/2022,22899.275,32150.0,1100.0,0.03421462,22933.71,23209.19,22141.705,656200.0,21668670000.0,0.0,0.0,656200.0,21668670000.0,43500.0,-43500.0,0.0,0.0,1442280000.0,-1442280000.0,0.0,0.0
25/03/2022,22141.705,30050.0,2100.0,0.06988353,20729.87,22141.705,20729.87,447000.0,14034115000.0,0.0,0.0,447000.0,14034115000.0,99900.0,-99900.0,0.0,0.0,3211895000.0,-3211895000.0,0.0,0.0
24/03/2022,20695.435,30200.0,-150.0,-0.00496689,20798.74,20867.61,20695.435,103200.0,3111130000.0,0.0,0.0,103200.0,3111130000.0,300.0,-300.0,0.0,0.0,9050000.0,-9050000.0,0.0,0.0
23/03/2022,20798.74,30650.0,-450.0,-0.01468189,21074.22,21108.655,20661.0,259500.0,7841955000.0,0.0,0.0,259500.0,7841955000.0,0.0,0.0,0.0,0.0,0.0,0.0,0.0,0.0
22/03/2022,21108.655,30500.0,150.0,0.00491803,21280.83,21349.7,21074.22,165700.0,5107320000.0,0.0,0.0,165700.0,5107320000.0,0.0,0.0,0.0,0.0,0.0,0.0,0.0,0.0
21/03/2022,21005.35,30600.0,-100.0,-0.00326797,21143.09,21280.83,20867.61,196900.0,6012955000.0,0.0,0.0,196900.0,6012955000.0,-300.0,300.0,0.0,0.0,-9175000.0,9175000.0,0.0,0.0
18/03/2022,21074.22,30350.0,250.0,0.00823723,20902.045,21694.05,20902.045,191200.0,5897885000.0,0.0,0.0,191200.0,5897885000.0,9300.0,500.0,0.0,-9800.0,281995000.0,15435000.0,0.0,-297430000.0
17/03/2022,20902.045,30150.0,200.0,0.0066335,20661.0,21143.09,20661.0,139200.0,4223285000.0,0.0,0.0,139200.0,4223285000.0,300.0,-100.0,0.0,-200.0,9130000.0,-3030000.0,0.0,-6100000.0
16/03/2022,20764.305,29200.0,950.0,0.03253425,20110.04,20798.74,19972.3,175400.0,5219730000.0,0.0,0.0,175400.0,5219730000.0,0.0,0.0,0.0,0.0,0.0,0.0,0.0,0.0
15/03/2022,20110.04,29100.0,100.0,0.00343643,20041.17,20523.26,19972.3,155600.0,4533725000.0,0.0,0.0,155600.0,4533725000.0,0.0,0.0,0.0,0.0,0.0,0.0,0.0,0.0
14/03/2022,20041.17,29200.0,-100.0,-0.00342466,20110.04,20454.39,19731.255,216000.0,6282415000.0,0.0,0.0,216000.0,6282415000.0,0.0,0.0,0.0,0.0,0.0,0.0,0.0,0.0
11/03/2022,20110.04,29700.0,-500.0,-0.01683502,20661.0,20661.0,20075.605,104100.0,3072935000.0,0.0,0.0,104100.0,3072935000.0,-100.0,100.0,0.0,0.0,-3000000.0,3000000.0,0.0,0.0
10/03/2022,20454.39,29600.0,100.0,0.00337838,20798.74,20798.74,20178.91,55500.0,1656015000.0,0.0,0.0,55500.0,1656015000.0,0.0,0.0,0.0,0.0,-10000.0,10000.0,0.0,0.0
09/03/2022,20385.52,29650.0,-50.0,-0.00168634,20936.48,20936.48,20178.91,106300.0,3138215000.0,0.0,0.0,106300.0,3138215000.0,100.0,-100.0,0.0,0.0,2960000.0,-2960000.0,0.0,0.0
08/03/2022,20419.955,30100.0,-450.0,-0.01495017,20729.87,20798.74,20247.78,118000.0,3512515000.0,0.0,0.0,118000.0,3512515000.0,-100.0,100.0,0.0,0.0,-3000000.0,3000000.0,0.0,0.0
07/03/2022,20729.87,30700.0,-600.0,-0.01954397,21143.09,21143.09,20661.0,265100.0,8011085000.0,0.0,0.0,265100.0,8011085000.0,0.0,0.0,0.0,0.0,0.0,0.0,0.0,0.0
04/03/2022,21143.09,30550.0,150.0,0.00490998,21074.22,21487.44,21039.785,170000.0,5233150000.0,0.0,0.0,170000.0,5233150000.0,0.0,0.0,0.0,0.0,0.0,0.0,0.0,0.0
03/03/2022,21039.785,30900.0,-350.0,-0.01132686,21349.7,21349.7,20902.045,211700.0,6481490000.0,0.0,0.0,211700.0,6481490000.0,100.0,-100.0,0.0,0.0,3055000.0,-3055000.0,0.0,0.0
02/03/2022,21280.83,31000.0,-100.0,-0.00322581,21418.57,21831.79,21280.83,255500.0,7998940000.0,0.0,0.0,255500.0,7998940000.0,900.0,-900.0,0.0,0.0,28225000.0,-28225000.0,0.0,0.0
01/03/2022,21349.7,31200.0,-200.0,-0.00641026,21211.96,21900.66,21211.96,103500.0,3232075000.0,0.0,0.0,103500.0,3232075000.0,-200.0,200.0,0.0,0.0,-6275000.0,6275000.0,0.0,0.0
28/02/2022,21487.44,30100.0,1100.0,0.03654485,22038.4,22038.4,21177.525,215800.0,6767490000.0,0.0,0.0,215800.0,6767490000.0,200.0,-100.0,0.0,-100.0,6290000.0,-3090000.0,0.0,-3200000.0
25/02/2022,20729.87,30000.0,100.0,0.00333333,21694.05,21694.05,20351.085,229100.0,6911190000.0,0.0,0.0,229100.0,6911190000.0,9000.0,-9000.0,0.0,0.0,273600000.0,-273600000.0,0.0,0.0
24/02/2022,20661.0,31000.0,-1000.0,-0.03225806,21349.7,21487.44,20110.04,199400.0,6015410000.0,0.0,0.0,199400.0,6015410000.0,20000.0,-20000.0,0.0,0.0,597990000.0,-597990000.0,0.0,0.0
23/02/2022,21349.7,31000.0,0.0,0.0,21418.57,21969.53,21349.7,123100.0,3856675000.0,0.0,0.0,123100.0,3856675000.0,0.0,0.0,0.0,0.0,0.0,0.0,0.0,0.0
22/02/2022,21349.7,31850.0,-850.0,-0.0266876,21349.7,22382.75,20867.61,212200.0,6654390000.0,0.0,0.0,212200.0,6654390000.0,-10000.0,10000.0,0.0,0.0,-320000000.0,320000000.0,0.0,0.0
21/02/2022,21935.095,30250.0,1600.0,0.05289256,20902.045,22038.4,20902.045,239600.0,7508410000.0,0.0,0.0,239600.0,7508410000.0,-20000.0,20000.0,0.0,0.0,-626410000.0,626410000.0,0.0,0.0
18/02/2022,20833.175,30150.0,100.0,0.00331675,20385.52,20867.61,20385.52,121600.0,3655235000.0,0.0,0.0,121600.0,3655235000.0,400.0,0.0,0.0,-400.0,11960000.0,0.0,0.0,-11960000.0
17/02/2022,20764.305,30500.0,-350.0,-0.01147541,21039.785,21039.785,20351.085,130900.0,3930050000.0,0.0,0.0,130900.0,3930050000.0,-100.0,100.0,0.0,0.0,-3000000.0,3000000.0,0.0,0.0
16/02/2022,21005.35,29450.0,1050.0,0.03565365,20178.91,21211.96,20178.91,198000.0,5921540000.0,0.0,0.0,198000.0,5921540000.0,0.0,0.0,0.0,0.0,0.0,0.0,0.0,0.0
15/02/2022,20282.215,29300.0,150.0,0.00511945,19765.69,20454.39,19765.69,133900.0,3931240000.0,0.0,0.0,133900.0,3931240000.0,0.0,0.0,0.0,0.0,0.0,0.0,0.0,0.0
14/02/2022,20178.91,30150.0,-850.0,-0.02819237,20006.735,20661.0,20006.735,155100.0,4604915000.0,0.0,0.0,155100.0,4604915000.0,0.0,0.0,0.0,0.0,0.0,0.0,0.0,0.0
11/02/2022,20764.305,30450.0,-300.0,-0.00985222,21349.7,21349.7,20523.26,80900.0,2476355000.0,0.0,0.0,80900.0,2476355000.0,0.0,0.0,0.0,0.0,0.0,0.0,0.0,0.0
10/02/2022,20970.915,29700.0,750.0,0.02525253,20592.13,21349.7,19972.3,146100.0,4393365000.0,0.0,0.0,146100.0,4393365000.0,0.0,0.0,0.0,0.0,0.0,0.0,0.0,0.0
09/02/2022,20454.39,29800.0,-100.0,-0.0033557,20316.65,20661.0,19111.425,60900.0,1793835000.0,0.0,0.0,60900.0,1793835000.0,900.0,-200.0,-200.0,-700.0,26920000.0,-5920000.0,-5920000.0,-21000000.0
08/02/2022,20523.26,29200.0,600.0,0.02054795,20282.215,20592.13,19696.82,57500.0,1681145000.0,0.0,0.0,57500.0,1681145000.0,100.0,-100.0,0.0,0.0,2945000.0,-2945000.0,0.0,0.0
07/02/2022,20110.04,28000.0,1200.0,0.04285714,18594.9,20316.65,18594.9,54200.0,1548705000.0,0.0,0.0,54200.0,1548705000.0,0.0,0.0,0.0,0.0,0.0,0.0,0.0,0.0
28/01/2022,19283.6,27100.0,900.0,0.03321033,18663.77,19283.6,18663.77,80700.0,2224805000.0,0.0,0.0,80700.0,2224805000.0,0.0,0.0,0.0,0.0,0.0,0.0,0.0,0.0
27/01/2022,18663.77,27900.0,-800.0,-0.02867384,19283.6,19283.6,18594.9,94000.0,2568215000.0,0.0,0.0,94000.0,2568215000.0,600.0,-600.0,0.0,0.0,16405000.0,-16405000.0,0.0,0.0
26/01/2022,19214.73,29900.0,-2000.0,-0.06688963,20557.695,20729.87,19214.73,147900.0,4271745000.0,0.0,0.0,147900.0,4271745000.0,0.0,0.0,0.0,0.0,0.0,0.0,0.0,0.0
25/01/2022,20592.13,29600.0,300.0,0.01013514,20385.52,20661.0,19765.69,112600.0,3327930000.0,0.0,0.0,112600.0,3327930000.0,7700.0,0.0,0.0,-7700.0,227220000.0,0.0,0.0,-227220000.0
24/01/2022,20385.52,31800.0,-2200.0,-0.06918239,21935.095,21969.53,20385.52,97100.0,2935490000.0,0.0,0.0,97100.0,2935490000.0,-800.0,800.0,0.0,0.0,-25440000.0,25440000.0,0.0,0.0
21/01/2022,21900.66,31500.0,300.0,0.00952381,22589.36,22589.36,21349.7,70300.0,2227025000.0,0.0,0.0,70300.0,2227025000.0,0.0,0.0,0.0,0.0,0.0,0.0,0.0,0.0
20/01/2022,21694.05,30150.0,1350.0,0.04477612,21280.83,22210.575,21280.83,177700.0,5631615000.0,0.0,0.0,177700.0,5631615000.0,1000.0,-1000.0,0.0,0.0,32000000.0,-32000000.0,0.0,0.0
19/01/2022,20764.305,29650.0,500.0,0.01686341,20419.955,21349.7,20419.955,164500.0,4966935000.0,0.0,0.0,164500.0,4966935000.0,0.0,0.0,0.0,0.0,0.0,0.0,0.0,0.0
18/01/2022,20419.955,31850.0,-2200.0,-0.06907378,21935.095,23278.06,20419.955,235200.0,7155435000.0,0.0,0.0,235200.0,7155435000.0,14100.0,-14100.0,0.0,0.0,418260000.0,-418260000.0,0.0,0.0
17/01/2022,21935.095,34200.0,-2350.0,-0.06871345,24586.59,24586.59,21935.095,212100.0,7001940000.0,0.0,0.0,212100.0,7001940000.0,200.0,0.0,0.0,-200.0,6750000.0,0.0,0.0,-6750000.0
14/01/2022,23553.54,32750.0,1450.0,0.04427481,22451.62,24104.5,21694.05,401500.0,13470610000.0,0.0,0.0,401500.0,13470610000.0,0.0,0.0,0.0,0.0,0.0,0.0,0.0,0.0
13/01/2022,22554.925,34900.0,-2150.0,-0.06160458,24035.63,24173.37,22451.62,448000.0,15163090000.0,0.0,0.0,448000.0,15163090000.0,2000.0,-1800.0,0.0,-200.0,66580000.0,-59650000.0,0.0,-6930000.0
12/01/2022,24035.63,35500.0,-600.0,-0.01690141,23966.76,24448.85,23209.19,342500.0,11779360000.0,0.0,0.0,342500.0,11779360000.0,0.0,0.0,0.0,0.0,0.0,0.0,0.0,0.0
11/01/2022,24448.85,36700.0,-1200.0,-0.03269755,25240.855,25481.9,24173.37,234900.0,8564515000.0,0.0,0.0,234900.0,8564515000.0,300.0,-200.0,0.0,-100.0,11075000.0,-7405000.0,0.0,-3670000.0
10/01/2022,25275.29,35300.0,1400.0,0.03966006,24793.2,25998.425,24035.63,926500.0,33901675000.0,0.0,0.0,926500.0,33901675000.0,35000.0,-35000.0,0.0,0.0,1305000000.0,-1305000000.0,0.0,0.0
07/01/2022,24311.11,36000.0,-700.0,-0.01944444,24793.2,24862.07,24173.37,282400.0,10004885000.0,0.0,0.0,282400.0,10004885000.0,100.0,-100.0,0.0,0.0,3600000.0,-3600000.0,0.0,0.0
06/01/2022,24793.2,35200.0,800.0,0.02272727,23897.89,24793.2,23415.8,543000.0,19022830000.0,0.0,0.0,543000.0,19022830000.0,-800.0,800.0,0.0,0.0,-28030000.0,28030000.0,0.0,0.0
05/01/2022,24242.24,35800.0,-600.0,-0.01675978,24104.5,24586.59,23897.89,333900.0,11715130000.0,0.0,0.0,333900.0,11715130000.0,-200.0,200.0,0.0,0.0,-7045000.0,7045000.0,0.0,0.0
04/01/2022,24655.46,35000.0,800.0,0.02285714,25137.55,25137.55,23897.89,229600.0,8152765000.0,0.0,0.0,229600.0,8152765000.0,-100.0,100.0,-300.0,0.0,-3705000.0,3705000.0,-10650000.0,0.0
31/12/2021,24104.5,32850.0,2150.0,0.06544901,22623.795,24173.37,22451.62,367800.0,12733430000.0,0.0,0.0,367800.0,12733430000.0,200.0,-200.0,0.0,0.0,7000000.0,-7000000.0,0.0,0.0
30/12/2021,22623.795,32900.0,-50.0,-0.00151976,22245.01,23278.06,22245.01,256900.0,8411310000.0,0.0,0.0,256900.0,8411310000.0,900.0,600.0,0.0,-1500.0,29640000.0,19860000.0,0.0,-49500000.0
29/12/2021,22658.23,33900.0,-1000.0,-0.02949853,23346.93,23553.54,22382.75,328900.0,10937140000.0,0.0,0.0,328900.0,10937140000.0,16700.0,-14900.0,0.0,-1800.0,561205000.0,-500005000.0,0.0,-61200000.0
28/12/2021,23346.93,34500.0,-600.0,-0.0173913,23760.15,24793.2,23174.755,637000.0,21916980000.0,0.0,0.0,637000.0,21916980000.0,900.0,-900.0,0.0,0.0,30610000.0,-30610000.0,0.0,0.0
27/12/2021,23760.15,35250.0,-750.0,-0.0212766,23587.975,24793.2,23071.45,557900.0,19163970000.0,0.0,0.0,557900.0,19163970000.0,300.0,-300.0,0.0,0.0,10200000.0,-10200000.0,0.0,0.0
24/12/2021,24276.675,37900.0,-2650.0,-0.06992084,25344.16,25481.9,24276.675,589500.0,21073350000.0,0.0,0.0,589500.0,21073350000.0,24200.0,-23100.0,0.0,-1100.0,842940000.0,-802615000.0,0.0,-40325000.0
23/12/2021,26101.73,36700.0,1200.0,0.03269755,26997.04,26997.04,25137.55,607700.0,23272350000.0,0.0,0.0,607700.0,23272350000.0,-200.0,200.0,0.0,0.0,-7695000.0,7695000.0,0.0,0.0
22/12/2021,25275.29,34300.0,2400.0,0.06997085,25275.29,25275.29,25068.68,980900.0,35990880000.0,0.0,0.0,980900.0,35990880000.0,-48000.0,48000.0,0.0,0.0,-1761600000.0,1761600000.0,0.0,0.0
21/12/2021,23622.41,32100.0,2200.0,0.06853583,23553.54,23622.41,23071.45,603600.0,20585670000.0,0.0,0.0,603600.0,20585670000.0,-38500.0,38500.0,0.0,0.0,-1308555000.0,1308555000.0,0.0,0.0
20/12/2021,22107.27,30000.0,2100.0,0.07,22107.27,22107.27,21762.92,444400.0,14226190000.0,0.0,0.0,444400.0,14226190000.0,2400.0,100.0,0.0,-2500.0,76270000.0,3180000.0,0.0,-79450000.0
17/12/2021,20661.0,30000.0,0.0,0.0,20041.17,20661.0,19490.21,192500.0,5635415000.0,0.0,0.0,192500.0,5635415000.0,0.0,0.0,0.0,0.0,0.0,0.0,0.0,0.0
16/12/2021,20661.0,29800.0,200.0,0.00671141,20523.26,20661.0,20110.04,80700.0,2389585000.0,0.0,0.0,80700.0,2389585000.0,0.0,0.0,0.0,0.0,0.0,0.0,0.0,0.0
15/12/2021,20523.26,30800.0,-1000.0,-0.03246753,21211.96,21211.96,20454.39,62500.0,1881940000.0,0.0,0.0,62500.0,1881940000.0,0.0,0.0,0.0,0.0,0.0,0.0,0.0,0.0
14/12/2021,21211.96,30850.0,-50.0,-0.00162075,22107.27,22176.14,20454.39,108100.0,3335180000.0,0.0,0.0,108100.0,3335180000.0,1800.0,0.0,0.0,-1800.0,55990000.0,0.0,0.0,-55990000.0
13/12/2021,21246.395,28850.0,2000.0,0.06932409,19868.995,21246.395,19868.995,176100.0,5414560000.0,0.0,0.0,176100.0,5414560000.0,2000.0,-2000.0,0.0,0.0,61700000.0,-61700000.0,0.0,0.0
10/12/2021,19868.995,28800.0,50.0,0.00173611,20110.04,20110.04,19559.08,34300.0,989750000.0,0.0,0.0,34300.0,989750000.0,0.0,0.0,0.0,0.0,0.0,0.0,0.0,0.0
09/12/2021,19834.56,28400.0,400.0,0.01408451,19559.08,19834.56,19559.08,44200.0,1259300000.0,0.0,0.0,44200.0,1259300000.0,0.0,0.0,0.0,0.0,0.0,0.0,0.0,0.0
08/12/2021,19559.08,27700.0,700.0,0.02527076,19145.86,20351.085,19008.12,77600.0,2214610000.0,0.0,0.0,77600.0,2214610000.0,100.0,0.0,0.0,-100.0,2890000.0,0.0,0.0,-2890000.0
07/12/2021,19076.99,27400.0,300.0,0.01094891,18870.38,19180.295,18801.51,44300.0,1218390000.0,0.0,0.0,44300.0,1218390000.0,0.0,0.0,0.0,0.0,0.0,0.0,0.0,0.0
06/12/2021,18870.38,28000.0,-600.0,-0.02142857,19249.165,19662.385,18801.51,78900.0,2190670000.0,0.0,0.0,78900.0,2190670000.0,700.0,0.0,0.0,-700.0,19565000.0,0.0,0.0,-19565000.0
03/12/2021,19283.6,29150.0,-1150.0,-0.03945111,19662.385,20247.78,19283.6,96100.0,2758380000.0,0.0,0.0,96100.0,2758380000.0,0.0,0.0,0.0,0.0,0.0,0.0,0.0,0.0
02/12/2021,20075.605,29200.0,-50.0,-0.00171233,20316.65,20316.65,19972.3,54900.0,1603670000.0,0.0,0.0,54900.0,1603670000.0,200.0,0.0,0.0,-200.0,5890000.0,0.0,0.0,-5890000.0
01/12/2021,20110.04,30000.0,-800.0,-0.02666667,20626.565,20626.565,19972.3,90400.0,2634240000.0,0.0,0.0,90400.0,2634240000.0,200.0,0.0,0.0,-200.0,5990000.0,0.0,0.0,-5990000.0
30/11/2021,20661.0,29650.0,350.0,0.01180438,20488.825,21694.05,20385.52,93800.0,2813465000.0,0.0,0.0,93800.0,2813465000.0,2300.0,-700.0,0.0,-1600.0,68705000.0,-21095000.0,0.0,-47610000.0
29/11/2021,20419.955,30400.0,-750.0,-0.02467105,19972.3,20661.0,19490.21,109100.0,3194925000.0,0.0,0.0,109100.0,3194925000.0,-900.0,900.0,-100.0,0.0,-25835000.0,25835000.0,-2965000.0,0.0
26/11/2021,20936.48,31600.0,-1200.0,-0.03797468,21487.44,21762.92,20661.0,90100.0,2773965000.0,0.0,0.0,90100.0,2773965000.0,8000.0,0.0,0.0,-8000.0,251720000.0,0.0,0.0,-251720000.0
25/11/2021,21762.92,31400.0,200.0,0.00636943,22382.75,22382.75,21694.05,128100.0,4092195000.0,0.0,0.0,128100.0,4092195000.0,300.0,700.0,0.0,-1000.0,9350000.0,22730000.0,0.0,-32080000.0
24/11/2021,21625.18,29350.0,2050.0,0.06984668,20213.345,21625.18,20213.345,277100.0,8677920000.0,0.0,0.0,277100.0,8677920000.0,5700.0,1000.0,0.0,-6700.0,169870000.0,31400000.0,0.0,-201270000.0
23/11/2021,20213.345,27450.0,1900.0,0.06921676,17630.72,20213.345,17630.72,86100.0,2391670000.0,0.0,0.0,86100.0,2391670000.0,3800.0,0.0,0.0,-3800.0,105640000.0,0.0,0.0,-105640000.0
22/11/2021,18904.815,29500.0,-2050.0,-0.06949153,20316.65,20351.085,18904.815,345200.0,9663960000.0,0.0,0.0,345200.0,9663960000.0,0.0,0.0,0.0,0.0,0.0,0.0,0.0,0.0
19/11/2021,20316.65,30600.0,-1100.0,-0.03594771,21039.785,21039.785,20316.65,182100.0,5458805000.0,0.0,0.0,182100.0,5458805000.0,5700.0,0.0,0.0,-5700.0,172055000.0,0.0,0.0,-172055000.0
18/11/2021,21074.22,31400.0,-800.0,-0.02547771,21969.53,21969.53,21039.785,240500.0,7439410000.0,0.0,0.0,240500.0,7439410000.0,4500.0,0.0,0.0,-4500.0,138940000.0,0.0,0.0,-138940000.0
17/11/2021,21625.18,31750.0,-350.0,-0.01102362,21487.44,22072.835,21349.7,99200.0,3112195000.0,0.0,0.0,99200.0,3112195000.0,4500.0,0.0,0.0,-4500.0,141540000.0,0.0,0.0,-141540000.0
16/11/2021,21866.225,32450.0,-700.0,-0.02157165,22038.4,22348.315,21556.31,148000.0,4685480000.0,0.0,0.0,148000.0,4685480000.0,3800.0,0.0,0.0,-3800.0,121010000.0,0.0,0.0,-121010000.0
15/11/2021,22348.315,33000.0,-550.0,-0.01666667,22761.535,23071.45,22176.14,168100.0,5484085000.0,0.0,0.0,168100.0,5484085000.0,300.0,0.0,0.0,-300.0,10035000.0,0.0,0.0,-10035000.0
12/11/2021,22727.1,33500.0,-500.0,-0.01492537,23243.625,23243.625,22176.14,133100.0,4376850000.0,0.0,0.0,133100.0,4376850000.0,1700.0,0.0,0.0,-1700.0,56205000.0,0.0,0.0,-56205000.0
11/11/2021,23071.45,32200.0,1300.0,0.04037267,22038.4,23725.715,22038.4,265700.0,8896165000.0,0.0,0.0,265700.0,8896165000.0,100.0,0.0,0.0,-100.0,3380000.0,0.0,0.0,-3380000.0
10/11/2021,22176.14,32400.0,-200.0,-0.00617284,22313.88,22313.88,21900.66,108400.0,3493750000.0,0.0,0.0,108400.0,3493750000.0,6900.0,0.0,0.0,-6900.0,222740000.0,0.0,0.0,-222740000.0
09/11/2021,22313.88,32400.0,0.0,0.0,21762.92,22795.97,21762.92,82500.0,2642590000.0,0.0,0.0,82500.0,2642590000.0,1500.0,0.0,0.0,-1500.0,48000000.0,0.0,0.0,-48000000.0
08/11/2021,22313.88,32400.0,0.0,0.0,22245.01,22589.36,21900.66,193100.0,6192125000.0,0.0,0.0,193100.0,6192125000.0,0.0,0.0,0.0,0.0,0.0,0.0,0.0,0.0
05/11/2021,22313.88,31600.0,800.0,0.02531646,21694.05,22658.23,21349.7,219700.0,7026025000.0,0.0,0.0,219700.0,7026025000.0,5400.0,0.0,0.0,-5400.0,170915000.0,0.0,0.0,-170915000.0
04/11/2021,21762.92,32400.0,-800.0,-0.02469136,21384.135,22313.88,21349.7,196300.0,6202720000.0,0.0,0.0,196300.0,6202720000.0,5300.0,0.0,0.0,-5300.0,165870000.0,0.0,0.0,-165870000.0
03/11/2021,22313.88,34800.0,-2400.0,-0.06896552,23966.76,24655.46,22313.88,592400.0,20020355000.0,0.0,0.0,592400.0,20020355000.0,6900.0,2000.0,0.0,-8900.0,237335000.0,66100000.0,0.0,-303435000.0
02/11/2021,23966.76,34200.0,600.0,0.01754386,23553.54,24655.46,23553.54,277000.0,9664575000.0,0.0,0.0,277000.0,9664575000.0,0.0,0.0,0.0,0.0,0.0,0.0,0.0,0.0
01/11/2021,23553.54,34000.0,200.0,0.00588235,24104.5,24793.2,23553.54,514200.0,18047900000.0,0.0,0.0,514200.0,18047900000.0,4400.0,0.0,0.0,-4400.0,153025000.0,0.0,0.0,-153025000.0
29/10/2021,23415.8,31800.0,2200.0,0.06918239,21762.92,23415.8,21762.92,894700.0,30184935000.0,0.0,0.0,894700.0,30184935000.0,0.0,0.0,0.0,0.0,0.0,0.0,0.0,0.0
28/10/2021,21900.66,30900.0,900.0,0.02912621,21315.265,22038.4,21315.265,383600.0,12171760000.0,0.0,0.0,383600.0,12171760000.0,300.0,0.0,0.0,-300.0,9555000.0,0.0,0.0,-9555000.0
27/10/2021,21280.83,29900.0,1000.0,0.03344482,20110.04,21349.7,20110.04,223300.0,6755210000.0,0.0,0.0,223300.0,6755210000.0,1800.0,0.0,0.0,-1800.0,54650000.0,0.0,0.0,-54650000.0
26/10/2021,20592.13,30000.0,-100.0,-0.00333333,20006.735,20661.0,20006.735,38000.0,1126285000.0,0.0,0.0,38000.0,1126285000.0,1400.0,0.0,0.0,-1400.0,41750000.0,0.0,0.0,-41750000.0
25/10/2021,20661.0,30300.0,-300.0,-0.00990099,20316.65,20867.61,20316.65,163400.0,4880345000.0,0.0,0.0,163400.0,4880345000.0,23600.0,-22400.0,0.0,-1200.0,703195000.0,-666980000.0,0.0,-36215000.0
22/10/2021,20867.61,30300.0,0.0,0.0,21246.395,21349.7,20729.87,130000.0,3972295000.0,0.0,0.0,130000.0,3972295000.0,44900.0,-42000.0,0.0,-2900.0,1375205000.0,-1286960000.0,0.0,-88245000.0
21/10/2021,20867.61,30900.0,-600.0,-0.01941748,20661.0,21280.83,20661.0,86200.0,2601080000.0,0.0,0.0,86200.0,2601080000.0,6600.0,0.0,0.0,-6600.0,199630000.0,0.0,0.0,-199630000.0
20/10/2021,21280.83,30700.0,200.0,0.00651466,21694.05,21694.05,20867.61,98100.0,3038265000.0,0.0,0.0,98100.0,3038265000.0,3400.0,0.0,0.0,-3400.0,103800000.0,0.0,0.0,-103800000.0
19/10/2021,21143.09,30550.0,150.0,0.00490998,21039.785,21211.96,20661.0,55000.0,1678165000.0,0.0,0.0,55000.0,1678165000.0,200.0,0.0,0.0,-200.0,6100000.0,0.0,0.0,-6100000.0
18/10/2021,21039.785,30650.0,-100.0,-0.00326264,21728.485,21728.485,20867.61,115100.0,3515910000.0,0.0,0.0,115100.0,3515910000.0,11100.0,0.0,0.0,-11100.0,338520000.0,0.0,0.0,-338520000.0
15/10/2021,21108.655,31000.0,-350.0,-0.01129032,21211.96,21487.44,21074.22,131000.0,4039070000.0,0.0,0.0,131000.0,4039070000.0,-2100.0,0.0,0.0,2100.0,-64795000.0,0.0,0.0,64795000.0
14/10/2021,21349.7,31100.0,-100.0,-0.00321543,21418.57,21694.05,21074.22,88400.0,2748565000.0,0.0,0.0,88400.0,2748565000.0,600.0,-2000.0,0.0,1400.0,18530000.0,-62000000.0,0.0,43470000.0
13/10/2021,21418.57,31750.0,-650.0,-0.02047244,20798.74,21831.79,20798.74,344200.0,10738415000.0,0.0,0.0,344200.0,10738415000.0,-1000.0,0.0,0.0,1000.0,-31000000.0,0.0,0.0,31000000.0
12/10/2021,21866.225,32000.0,-250.0,-0.0078125,22038.4,22313.88,21487.44,318300.0,10059645000.0,0.0,0.0,318300.0,10059645000.0,44400.0,0.0,0.0,-44400.0,1399570000.0,0.0,0.0,-1399570000.0
11/10/2021,22038.4,31300.0,700.0,0.02236422,21556.31,22382.75,21556.31,226300.0,7267825000.0,0.0,0.0,226300.0,7267825000.0,19200.0,0.0,0.0,-19200.0,614530000.0,0.0,0.0,-614530000.0
08/10/2021,21556.31,31400.0,-100.0,-0.00318471,21625.18,21969.53,21556.31,243500.0,7678710000.0,0.0,0.0,243500.0,7678710000.0,38400.0,-18000.0,0.0,-20400.0,1206950000.0,-564600000.0,0.0,-642350000.0
07/10/2021,21625.18,31100.0,300.0,0.0096463,21349.7,21900.66,21074.22,282000.0,8810590000.0,0.0,0.0,282000.0,8810590000.0,800.0,0.0,0.0,-800.0,24155000.0,0.0,0.0,-24155000.0
06/10/2021,21418.57,31000.0,100.0,0.00322581,21556.31,21694.05,21349.7,159700.0,4980755000.0,0.0,0.0,159700.0,4980755000.0,-6700.0,0.0,0.0,6700.0,-209250000.0,0.0,0.0,209250000.0
05/10/2021,21349.7,30200.0,800.0,0.02649007,20798.74,21694.05,20798.74,329300.0,10189100000.0,0.0,0.0,329300.0,10189100000.0,-17000.0,0.0,0.0,17000.0,-528720000.0,0.0,0.0,528720000.0
04/10/2021,20798.74,30100.0,100.0,0.00332226,20661.0,21039.785,19627.95,299800.0,8842695000.0,0.0,0.0,299800.0,8842695000.0,-7900.0,0.0,0.0,7900.0,-231450000.0,0.0,0.0,231450000.0
01/10/2021,20729.87,30000.0,100.0,0.00333333,20729.87,21211.96,20041.17,117700.0,3502655000.0,234622.0,6545953800.0,352322.0,10048608800.0,-8700.0,0.0,0.0,8700.0,-259690000.0,0.0,0.0,259690000.0
30/09/2021,20661.0,31350.0,-1350.0,-0.0430622,21590.745,21831.79,20661.0,234100.0,7212250000.0,0.0,0.0,234100.0,7212250000.0,-1800.0,0.0,0.0,1800.0,-51850000.0,0.0,0.0,51850000.0
29/09/2021,21590.745,31500.0,-150.0,-0.0047619,21143.09,21762.92,20729.87,303400.0,9423845000.0,0.0,0.0,303400.0,9423845000.0,2600.0,0.0,0.0,-2600.0,78910000.0,0.0,0.0,-78910000.0
28/09/2021,21694.05,30200.0,1300.0,0.04304636,20178.91,21900.66,20041.17,241700.0,7461510000.0,0.0,0.0,241700.0,7461510000.0,-26100.0,20000.0,0.0,6100.0,-804350000.0,627660000.0,0.0,176690000.0
27/09/2021,20798.74,31900.0,-1700.0,-0.05329154,22382.75,22382.75,20454.39,226500.0,7037030000.0,0.0,0.0,226500.0,7037030000.0,400.0,0.0,0.0,-400.0,11325000.0,0.0,0.0,-11325000.0
24/09/2021,21969.53,30150.0,1750.0,0.05804312,22210.575,22210.575,20764.305,844300.0,26710955000.0,0.0,0.0,844300.0,26710955000.0,18500.0,0.0,0.0,-18500.0,571130000.0,0.0,0.0,-571130000.0
23/09/2021,20764.305,28200.0,1950.0,0.06914894,20764.305,20764.305,20764.305,123400.0,3720510000.0,0.0,0.0,123400.0,3720510000.0,0.0,0.0,0.0,0.0,0.0,0.0,0.0,0.0
22/09/2021,19421.34,27250.0,950.0,0.03486239,18870.38,19490.21,18250.55,584600.0,16025225000.0,0.0,0.0,584600.0,16025225000.0,-204300.0,201000.0,0.0,3300.0,-5639340000.0,5547950000.0,0.0,91390000.0
21/09/2021,18767.075,26750.0,500.0,0.01869159,18388.29,19008.12,17596.285,367000.0,9695230000.0,0.0,0.0,367000.0,9695230000.0,-2500.0,0.0,0.0,2500.0,-55705000.0,0.0,0.0,55705000.0
20/09/2021,18422.725,27000.0,-250.0,-0.00925926,18250.55,18939.25,17906.2,271800.0,7175375000.0,0.0,0.0,271800.0,7175375000.0,-17900.0,0.0,0.0,17900.0,-475685000.0,0.0,0.0,475685000.0
17/09/2021,18594.9,27500.0,-500.0,-0.01818182,19972.3,19972.3,18594.9,386800.0,10854115000.0,0.0,0.0,386800.0,10854115000.0,-197400.0,216000.0,0.0,-18600.0,-5594530000.0,6113465000.0,0.0,-518935000.0
16/09/2021,18939.25,27200.0,300.0,0.01102941,18870.38,19972.3,18801.51,861300.0,24654545000.0,0.0,0.0,861300.0,24654545000.0,-605900.0,631800.0,355000.0,-25900.0,-17495150000.0,18222990000.0,10275015000.0,-727840000.0
15/09/2021,18732.64,25450.0,1750.0,0.06876228,17492.98,18732.64,17492.98,1286600.0,34910790000.0,0.0,0.0,1286600.0,34910790000.0,-544300.0,540000.0,540000.0,4300.0,-14800915000.0,14686050000.0,14686050000.0,114865000.0
14/09/2021,17527.415,23800.0,1650.0,0.06932773,16391.06,17527.415,15977.84,336100.0,8209835000.0,0.0,0.0,336100.0,8209835000.0,-14300.0,0.0,0.0,14300.0,-340315000.0,0.0,0.0,340315000.0
13/09/2021,16391.06,24500.0,-700.0,-0.02857143,16184.45,16563.235,15840.1,238700.0,5606585000.0,0.0,0.0,238700.0,5606585000.0,-14200.0,0.0,0.0,14200.0,-335585000.0,0.0,0.0,335585000.0
10/09/2021,16873.15,24150.0,350.0,0.01449275,17768.46,17768.46,16184.45,428900.0,10644920000.0,0.0,0.0,428900.0,10644920000.0,7400.0,0.0,0.0,-7400.0,177530000.0,0.0,0.0,-177530000.0
09/09/2021,16632.105,22600.0,1550.0,0.06858407,16632.105,16632.105,16528.8,223100.0,5386950000.0,0.0,0.0,223100.0,5386950000.0,1000.0,0.0,0.0,-1000.0,24150000.0,0.0,0.0,-24150000.0
08/09/2021,15564.62,21150.0,1450.0,0.06855792,13636.26,15564.62,13636.26,2071200.0,41939540000.0,1880300.0,37229940000.0,3951500.0,79169480000.0,1799500.0,-1752000.0,0.0,-47500.0,35942285000.0,-34869775000.0,0.0,-1072510000.0
07/09/2021,14566.005,21650.0,-500.0,-0.02309469,14875.92,14910.355,13911.74,194000.0,4077770000.0,0.0,0.0,194000.0,4077770000.0,5300.0,0.0,0.0,-5300.0,109525000.0,0.0,0.0,-109525000.0
06/09/2021,14910.355,21000.0,650.0,0.03095238,15013.66,15082.53,14462.7,245600.0,5292360000.0,0.0,0.0,245600.0,5292360000.0,5600.0,0.0,0.0,-5600.0,122470000.0,0.0,0.0,-122470000.0
01/09/2021,14462.7,21200.0,-200.0,-0.00943396,14600.44,14669.31,14256.09,207700.0,4340870000.0,0.0,0.0,207700.0,4340870000.0,-3900.0,0.0,0.0,3900.0,-80905000.0,0.0,0.0,80905000.0
31/08/2021,14600.44,20400.0,800.0,0.03921569,14118.35,14875.92,14118.35,279100.0,5916310000.0,0.0,0.0,279100.0,5916310000.0,11300.0,0.0,0.0,-11300.0,239745000.0,0.0,0.0,-239745000.0
30/08/2021,14049.48,19100.0,1300.0,0.06806283,13223.04,14049.48,13223.04,173400.0,3444420000.0,1920000.0,34176000000.0,2093400.0,37620420000.0,-5500.0,0.0,0.0,5500.0,-109735000.0,0.0,0.0,109735000.0
27/08/2021,13154.17,19000.0,100.0,0.00526316,12740.95,13291.91,12672.08,152100.0,2860025000.0,0.0,0.0,152100.0,2860025000.0,3900.0,0.0,0.0,-3900.0,72575000.0,0.0,0.0,-72575000.0
26/08/2021,13085.3,19200.0,-200.0,-0.01041667,13636.26,13636.26,12981.995,131500.0,2514440000.0,0.0,0.0,131500.0,2514440000.0,1600.0,0.0,0.0,-1600.0,31445000.0,0.0,0.0,-31445000.0
25/08/2021,13223.04,19200.0,0.0,0.0,12809.82,13223.04,12706.515,198200.0,3698865000.0,0.0,0.0,198200.0,3698865000.0,6300.0,0.0,0.0,-6300.0,118455000.0,0.0,0.0,-118455000.0
24/08/2021,13223.04,19700.0,-500.0,-0.02538071,12809.82,13498.52,12809.82,183500.0,3471790000.0,0.0,0.0,183500.0,3471790000.0,-7000.0,0.0,0.0,7000.0,-133770000.0,0.0,0.0,133770000.0
23/08/2021,13567.39,21000.0,-1300.0,-0.06190476,14152.785,14187.22,13532.955,690500.0,13701440000.0,0.0,0.0,690500.0,13701440000.0,-461500.0,456800.0,0.0,4700.0,-9138680000.0,9044640000.0,0.0,94040000.0
20/08/2021,14462.7,22050.0,-1050.0,-0.04761905,15220.27,15289.14,14152.785,1139700.0,24564235000.0,2853400.0,67197570000.0,3993100.0,91761805000.0,-555900.0,574900.0,0.0,-19000.0,-12097000000.0,12500840000.0,0.0,-403840000.0
19/08/2021,15185.835,21950.0,100.0,0.00455581,15151.4,15358.01,14944.79,1052400.0,23188695000.0,0.0,0.0,1052400.0,23188695000.0,-755500.0,768400.0,0.0,-12900.0,-16647660000.0,16931205000.0,0.0,-283545000.0
18/08/2021,15116.965,20800.0,1150.0,0.05528846,14462.7,15116.965,14462.7,896900.0,19521820000.0,0.0,0.0,896900.0,19521820000.0,-552200.0,547800.0,0.0,4400.0,-12025900000.0,11925545000.0,0.0,100355000.0
17/08/2021,14324.96,19450.0,1350.0,0.06940874,13154.17,14324.96,13154.17,1294200.0,26795835000.0,0.0,0.0,1294200.0,26795835000.0,-508500.0,506800.0,0.0,1700.0,-10504035000.0,10468390000.0,0.0,35645000.0
16/08/2021,13395.215,18850.0,600.0,0.03183024,12981.995,13395.215,12568.775,148100.0,2831480000.0,0.0,0.0,148100.0,2831480000.0,1700.0,1400.0,0.0,-3100.0,31245000.0,26880000.0,0.0,-58125000.0
13/08/2021,12981.995,19250.0,-400.0,-0.02077922,13257.475,13257.475,12740.95,75800.0,1426935000.0,0.0,0.0,75800.0,1426935000.0,-4500.0,0.0,0.0,4500.0,-84910000.0,0.0,0.0,84910000.0
12/08/2021,13257.475,18800.0,450.0,0.02393617,12947.56,13774.0,12603.21,162600.0,3097015000.0,0.0,0.0,162600.0,3097015000.0,-2200.0,-200.0,0.0,2400.0,-40225000.0,-3750000.0,0.0,43975000.0
11/08/2021,12947.56,19500.0,-700.0,-0.03589744,13429.65,13429.65,12740.95,125900.0,2396075000.0,0.0,0.0,125900.0,2396075000.0,7500.0,-200.0,0.0,-7300.0,142605000.0,-3740000.0,0.0,-138865000.0
10/08/2021,13429.65,18750.0,750.0,0.04,13774.0,13774.0,13223.04,368400.0,7242520000.0,0.0,0.0,368400.0,7242520000.0,18500.0,0.0,0.0,-18500.0,358125000.0,0.0,0.0,-358125000.0
09/08/2021,12913.125,17550.0,1200.0,0.06837607,12086.685,12913.125,12086.685,145600.0,2685560000.0,4836500.0,79076775000.0,4982100.0,81762335000.0,-800.0,0.0,0.0,800.0,-15080000.0,0.0,0.0,15080000.0
06/08/2021,12086.685,17000.0,550.0,0.03235294,12052.25,12189.99,11742.335,190800.0,3298300000.0,0.0,0.0,190800.0,3298300000.0,-6400.0,0.0,0.0,6400.0,-111325000.0,0.0,0.0,111325000.0
05/08/2021,11707.9,17750.0,-750.0,-0.04225352,12327.73,12327.73,11707.9,201600.0,3524680000.0,0.0,0.0,201600.0,3524680000.0,5600.0,0.0,0.0,-5600.0,98960000.0,0.0,0.0,-98960000.0
04/08/2021,12224.425,17700.0,50.0,0.00282486,12396.6,12396.6,12052.25,143200.0,2538295000.0,0.0,0.0,143200.0,2538295000.0,4200.0,300.0,0.0,-4500.0,74200000.0,5325000.0,0.0,-79525000.0
03/08/2021,12189.99,18050.0,-350.0,-0.01939058,12568.775,12603.21,11811.205,324200.0,5783395000.0,0.0,0.0,324200.0,5783395000.0,-11200.0,0.0,0.0,11200.0,-198455000.0,0.0,0.0,198455000.0
02/08/2021,12431.035,18100.0,-50.0,-0.00276243,11811.205,12740.95,11811.205,751800.0,13141650000.0,0.0,0.0,751800.0,13141650000.0,589400.0,-600000.0,0.0,10600.0,10172990000.0,-10365295000.0,0.0,192305000.0
30/07/2021,12465.47,18000.0,100.0,0.00555556,12293.295,12568.775,11535.725,457500.0,7763820000.0,0.0,0.0,457500.0,7763820000.0,398400.0,-400000.0,0.0,1600.0,6696825000.0,-6725890000.0,0.0,29065000.0
29/07/2021,12396.6,18400.0,-400.0,-0.02173913,12534.34,12775.385,12362.165,176100.0,3190625000.0,0.0,0.0,176100.0,3190625000.0,8700.0,0.0,0.0,-8700.0,159140000.0,0.0,0.0,-159140000.0
28/07/2021,12672.08,18650.0,-250.0,-0.01340483,12534.34,12775.385,12396.6,164200.0,2992820000.0,2833000.0,56518350000.0,2997200.0,59511170000.0,5900.0,0.0,0.0,-5900.0,107530000.0,0.0,0.0,-107530000.0
27/07/2021,12844.255,18300.0,350.0,0.01912568,12637.645,13016.43,12465.47,59800.0,1102260000.0,0.0,0.0,59800.0,1102260000.0,-8400.0,0.0,0.0,8400.0,-155970000.0,0.0,0.0,155970000.0
26/07/2021,12603.21,18200.0,100.0,0.00549451,12534.34,12981.995,12121.12,127700.0,2308760000.0,0.0,0.0,127700.0,2308760000.0,2100.0,-300.0,0.0,-1800.0,39290000.0,-5600000.0,0.0,-33690000.0
23/07/2021,12534.34,18200.0,0.0,0.0,12396.6,13085.3,11707.9,1028900.0,17726415000.0,0.0,0.0,1028900.0,17726415000.0,857000.0,-869900.0,-870000.0,12900.0,14553810000.0,-14793020000.0,-14794880000.0,239210000.0
22/07/2021,12534.34,19350.0,-1150.0,-0.05943152,13326.345,13739.565,12499.905,119600.0,2298735000.0,0.0,0.0,119600.0,2298735000.0,3900.0,-100.0,-100.0,-3800.0,79235000.0,-1820000.0,-1820000.0,-77415000.0
21/07/2021,13326.345,20800.0,-1450.0,-0.06971154,14462.7,14462.7,13326.345,89400.0,1755745000.0,0.0,0.0,89400.0,1755745000.0,10600.0,0.0,0.0,-10600.0,213760000.0,0.0,0.0,-213760000.0
20/07/2021,14324.96,21300.0,-500.0,-0.02347418,14600.44,14600.44,13670.695,127300.0,2537405000.0,0.0,0.0,127300.0,2537405000.0,4300.0,0.0,0.0,-4300.0,89720000.0,0.0,0.0,-89720000.0
19/07/2021,14669.31,22900.0,-1600.0,-0.069869,15151.4,15151.4,14669.31,57700.0,1239080000.0,3873800.0,94908100000.0,3931500.0,96147180000.0,1400.0,0.0,0.0,-1400.0,30800000.0,0.0,0.0,-30800000.0
16/07/2021,15771.23,23100.0,-200.0,-0.00865801,15633.49,16218.885,15633.49,243700.0,5632750000.0,0.0,0.0,243700.0,5632750000.0,-5500.0,0.0,0.0,5500.0,-127370000.0,0.0,0.0,127370000.0
15/07/2021,15908.97,22600.0,500.0,0.02212389,15564.62,16184.45,14807.05,462400.0,10558950000.0,0.0,0.0,462400.0,10558950000.0,-9000.0,0.0,0.0,9000.0,-208215000.0,0.0,0.0,208215000.0
14/07/2021,15564.62,22400.0,200.0,0.00892857,15151.4,15840.1,15151.4,208100.0,4720710000.0,0.0,0.0,208100.0,4720710000.0,-5600.0,0.0,0.0,5600.0,-127090000.0,0.0,0.0,127090000.0
13/07/2021,15426.88,21500.0,900.0,0.04186047,14118.35,15426.88,14118.35,943200.0,19563295000.0,0.0,0.0,943200.0,19563295000.0,819300.0,-820000.0,-820000.0,700.0,16895050000.0,-16915000000.0,-16915000000.0,19950000.0
12/07/2021,14807.05,23100.0,-1600.0,-0.06926407,15151.4,15840.1,14807.05,142400.0,3089000000.0,0.0,0.0,142400.0,3089000000.0,-1200.0,0.0,0.0,1200.0,-26970000.0,0.0,0.0,26970000.0
09/07/2021,15908.97,24100.0,-1000.0,-0.04149378,15840.1,16528.8,15840.1,493000.0,11603495000.0,0.0,0.0,493000.0,11603495000.0,30500.0,0.0,0.0,-30500.0,717620000.0,0.0,0.0,-717620000.0
08/07/2021,16597.67,24400.0,-300.0,-0.01229508,16769.845,16838.715,16253.32,443400.0,10723990000.0,820000.0,21402000000.0,1263400.0,32125990000.0,-9800.0,0.0,0.0,9800.0,-236140000.0,0.0,0.0,236140000.0
07/07/2021,16804.28,23300.0,1100.0,0.0472103,15564.62,16873.15,15564.62,817600.0,19282600000.0,0.0,0.0,817600.0,19282600000.0,19100.0,0.0,0.0,-19100.0,453915000.0,0.0,0.0,-453915000.0
06/07/2021,16046.71,21800.0,1500.0,0.06880734,15013.66,16046.71,14807.05,653600.0,14828960000.0,0.0,0.0,653600.0,14828960000.0,56600.0,0.0,0.0,-56600.0,1319820000.0,0.0,0.0,-1319820000.0
05/07/2021,15013.66,20850.0,950.0,0.0456,14393.83,15013.66,14324.96,529700.0,11167290000.0,0.0,0.0,529700.0,11167290000.0,62700.0,0.0,0.0,-62700.0,1339845000.0,0.0,0.0,-1339845000.0
02/07/2021,14359.395,20550.0,300.0,0.01459854,14015.045,14393.83,13774.0,447400.0,9174820000.0,0.0,0.0,447400.0,9174820000.0,69500.0,0.0,0.0,-69500.0,1434795000.0,0.0,0.0,-1434795000.0
01/07/2021,14152.785,20350.0,200.0,0.00982801,14015.045,14187.22,13774.0,372500.0,7561415000.0,0.0,0.0,372500.0,7561415000.0,40800.0,0.0,0.0,-40800.0,832545000.0,0.0,0.0,-832545000.0
30/06/2021,14015.045,20100.0,250.0,0.0124,13911.74,14187.22,12947.56,381200.0,7733350000.0,2277180.0,42583266000.0,2658380.0,50316616000.0,106300.0,0.0,0.0,-106300.0,2162795000.0,0.0,0.0,-2162795000.0
29/06/2021,13842.87,18800.0,1300.0,0.0691,12947.56,13842.87,12052.25,1509600.0,27123700000.0,0.0,0.0,1509600.0,27123700000.0,1166100.0,-1115000.0,-1115000.0,-51100.0,20555565000.0,-19518850000.0,-19518850000.0,-1036715000.0
28/06/2021,12947.56,19000.0,-200.0,-0.01052632,13085.3,13085.3,12327.73,185900.0,3510055000.0,0.0,0.0,185900.0,3510055000.0,2600.0,0.0,0.0,-2600.0,49035000.0,0.0,0.0,-49035000.0
25/06/2021,13085.3,19200.0,-200.0,-0.01041667,13429.65,13429.65,12947.56,101900.0,1953880000.0,0.0,0.0,101900.0,1953880000.0,700.0,0.0,0.0,-700.0,13620000.0,0.0,0.0,-13620000.0
24/06/2021,13223.04,18200.0,1000.0,0.05494505,12534.34,13223.04,12499.905,1240600.0,23771305000.0,0.0,0.0,1240600.0,23771305000.0,-1107600.0,1115000.0,1115000.0,-7400.0,-21264555000.0,21404735000.0,21404735000.0,-140180000.0
23/06/2021,12534.34,19300.0,-1100.0,-0.05699482,13085.3,13085.3,12534.34,151100.0,2814665000.0,0.0,0.0,151100.0,2814665000.0,-1900.0,0.0,0.0,1900.0,-35200000.0,0.0,0.0,35200000.0
22/06/2021,13291.91,19500.0,-200.0,-0.01025641,12947.56,13360.78,12947.56,331300.0,6379525000.0,0.0,0.0,331300.0,6379525000.0,-11500.0,0.0,0.0,11500.0,-220930000.0,0.0,0.0,220930000.0
21/06/2021,13429.65,19850.0,-350.0,-0.01763224,13670.695,13670.695,13085.3,265200.0,5137130000.0,0.0,0.0,265200.0,5137130000.0,-5800.0,0.0,0.0,5800.0,-111635000.0,0.0,0.0,111635000.0
18/06/2021,13670.695,20100.0,-250.0,-0.01243781,13774.0,13774.0,13154.17,189200.0,3673720000.0,0.0,0.0,189200.0,3673720000.0,0.0,0.0,0.0,0.0,0.0,0.0,0.0,0.0
17/06/2021,13842.87,20100.0,0.0,0.0,12878.69,13877.305,12878.69,801500.0,15425810000.0,0.0,0.0,801500.0,15425810000.0,480300.0,-450000.0,-450000.0,-30300.0,9024480000.0,-8415480000.0,-8415480000.0,-609000000.0
16/06/2021,13842.87,20000.0,100.0,0.005,13774.0,13842.87,13429.65,255700.0,5033290000.0,0.0,0.0,255700.0,5033290000.0,0.0,0.0,0.0,0.0,0.0,0.0,0.0,0.0
15/06/2021,13774.0,19500.0,500.0,0.02564103,12534.34,14118.35,12499.905,942100.0,17488150000.0,0.0,0.0,942100.0,17488150000.0,508700.0,-500000.0,-500000.0,-8700.0,9266320000.0,-9089990000.0,-9089990000.0,-176330000.0
14/06/2021,13429.65,20300.0,-800.0,-0.03940887,14875.92,14944.79,13429.65,702300.0,14974505000.0,0.0,0.0,702300.0,14974505000.0,-389500.0,450000.0,450000.0,-60500.0,-8378060000.0,9657600000.0,9657600000.0,-1279540000.0
11/06/2021,13980.61,19000.0,1300.0,0.06842105,13946.175,13980.61,13498.52,912500.0,18353080000.0,0.0,0.0,912500.0,18353080000.0,98500.0,0.0,0.0,-98500.0,1988000000.0,0.0,0.0,-1988000000.0
10/06/2021,13085.3,17800.0,1200.0,0.06741573,11845.64,13085.3,11845.64,1212500.0,22806725000.0,0.0,0.0,1212500.0,22806725000.0,-119400.0,500000.0,500000.0,-380600.0,-2395000000.0,9466830000.0,9466830000.0,-7071830000.0
09/06/2021,12258.86,17900.0,-100.0,-0.00558659,11983.38,12258.86,11742.335,96000.0,1676350000.0,0.0,0.0,96000.0,1676350000.0,94100.0,0.0,0.0,-94100.0,1643030000.0,0.0,0.0,-1643030000.0
08/06/2021,12327.73,18000.0,-100.0,-0.00555556,12258.86,12534.34,12052.25,68300.0,1222025000.0,0.0,0.0,68300.0,1222025000.0,53700.0,0.0,0.0,-53700.0,963210000.0,0.0,0.0,-963210000.0
07/06/2021,12396.6,18000.0,0.0,0.0,12672.08,12672.08,12189.99,199000.0,3555790000.0,0.0,0.0,199000.0,3555790000.0,181000.0,0.0,0.0,-181000.0,3234570000.0,0.0,0.0,-3234570000.0
04/06/2021,12396.6,17100.0,900.0,0.05263158,11432.42,12465.47,11432.42,385300.0,6787260000.0,0.0,0.0,385300.0,6787260000.0,26900.0,3000.0,3000.0,-29900.0,482400000.0,49800000.0,49800000.0,-532200000.0
03/06/2021,11776.77,17000.0,100.0,0.00588235,10950.33,11845.64,10950.33,100200.0,1671215000.0,0.0,0.0,100200.0,1671215000.0,-10100.0,10100.0,10100.0,0.0,-171590000.0,171590000.0,171590000.0,0.0
02/06/2021,11707.9,16800.0,200.0,0.01190476,11707.9,11845.64,11535.725,108900.0,1852690000.0,0.0,0.0,108900.0,1852690000.0,-7000.0,7000.0,7000.0,0.0,-120300000.0,120300000.0,120300000.0,0.0
01/06/2021,11570.16,16900.0,-100.0,-0.00591716,10915.895,11570.16,10915.895,87600.0,1446625000.0,0.0,0.0,87600.0,1446625000.0,0.0,0.0,0.0,0.0,0.0,0.0,0.0,0.0
31/05/2021,11639.03,16600.0,300.0,0.01807229,11501.29,11639.03,11432.42,97100.0,1623090000.0,0.0,0.0,97100.0,1623090000.0,0.0,0.0,0.0,0.0,0.0,0.0,0.0,0.0
28/05/2021,11432.42,17100.0,-500.0,-0.02923977,11914.51,11914.51,11432.42,91900.0,1545985000.0,0.0,0.0,91900.0,1545985000.0,-5100.0,0.0,0.0,5100.0,-88230000.0,0.0,0.0,88230000.0
27/05/2021,11776.77,17400.0,-300.0,-0.01724138,11294.68,11983.38,11294.68,117300.0,2017285000.0,0.0,0.0,117300.0,2017285000.0,0.0,0.0,0.0,0.0,0.0,0.0,0.0,0.0
26/05/2021,11983.38,16900.0,500.0,0.0295858,11639.03,12052.25,11639.03,150700.0,2561870000.0,0.0,0.0,150700.0,2561870000.0,0.0,0.0,0.0,0.0,0.0,0.0,0.0,0.0
25/05/2021,11639.03,17100.0,-200.0,-0.01169591,11570.16,11983.38,11570.16,93600.0,1586850000.0,0.0,0.0,93600.0,1586850000.0,0.0,0.0,0.0,0.0,0.0,0.0,0.0,0.0
24/05/2021,11776.77,16000.0,1100.0,0.06875,11019.2,11776.77,11019.2,163600.0,2710560000.0,0.0,0.0,163600.0,2710560000.0,0.0,0.0,0.0,0.0,0.0,0.0,0.0,0.0
21/05/2021,11019.2,17000.0,-1000.0,-0.05882353,11019.2,11019.2,11019.2,41700.0,667200000.0,0.0,0.0,41700.0,667200000.0,0.0,0.0,0.0,0.0,0.0,0.0,0.0,0.0
20/05/2021,11707.9,18000.0,-1000.0,-0.05555556,12396.6,12396.6,11707.9,104100.0,1810675000.0,0.0,0.0,104100.0,1810675000.0,-400.0,0.0,0.0,400.0,-7000000.0,0.0,0.0,7000000.0
19/05/2021,12396.6,17800.0,200.0,0.01123596,12258.86,12396.6,11983.38,143600.0,2578145000.0,0.0,0.0,143600.0,2578145000.0,0.0,0.0,0.0,0.0,0.0,0.0,0.0,0.0
18/05/2021,12258.86,16900.0,900.0,0.05325444,11329.115,12258.86,11329.115,187200.0,3255850000.0,0.0,0.0,187200.0,3255850000.0,3000.0,0.0,0.0,-3000.0,49350000.0,0.0,0.0,-49350000.0
17/05/2021,11639.03,16450.0,450.0,0.02735562,11363.55,11639.03,11019.2,140900.0,2338780000.0,0.0,0.0,140900.0,2338780000.0,-100.0,0.0,0.0,100.0,-1620000.0,0.0,0.0,1620000.0
14/05/2021,11329.115,16000.0,450.0,0.028125,11363.55,11363.55,11019.2,266900.0,4397165000.0,0.0,0.0,266900.0,4397165000.0,0.0,0.0,0.0,0.0,0.0,0.0,0.0,0.0
13/05/2021,11019.2,16000.0,0.0,0.0,10915.895,11156.94,10743.72,170600.0,2724105000.0,0.0,0.0,170600.0,2724105000.0,9000.0,-100.0,-100.0,-8900.0,139600000.0,-1560000.0,-1560000.0,-138040000.0
12/05/2021,11019.2,15500.0,500.0,0.03225806,10055.02,11019.2,10055.02,332900.0,5309300000.0,0.0,0.0,332900.0,5309300000.0,-1800.0,1800.0,1800.0,0.0,-26460000.0,26460000.0,26460000.0,0.0
11/05/2021,10674.85,15500.0,0.0,0.0,10674.85,10674.85,10330.5,229500.0,3534535000.0,0.0,0.0,229500.0,3534535000.0,400.0,0.0,0.0,-400.0,6200000.0,0.0,0.0,-6200000.0
10/05/2021,10674.85,15500.0,0.0,0.0,10537.11,10674.85,10330.5,227500.0,3503690000.0,0.0,0.0,227500.0,3503690000.0,-500.0,0.0,0.0,500.0,-7650000.0,0.0,0.0,7650000.0
07/05/2021,10674.85,14800.0,700.0,0.0472973,9572.93,10812.59,9572.93,101100.0,1535530000.0,0.0,0.0,101100.0,1535530000.0,0.0,0.0,0.0,0.0,0.0,0.0,0.0,0.0
06/05/2021,10192.76,15900.0,-1100.0,-0.06918239,10915.895,10915.895,10192.76,165200.0,2534610000.0,0.0,0.0,165200.0,2534610000.0,0.0,0.0,0.0,0.0,0.0,0.0,0.0,0.0
05/05/2021,10950.33,15700.0,200.0,0.01273885,10812.59,10950.33,10743.72,142600.0,2239870000.0,0.0,0.0,142600.0,2239870000.0,0.0,0.0,0.0,0.0,0.0,0.0,0.0,0.0
04/05/2021,10812.59,15900.0,-200.0,-0.01257862,10364.935,10812.59,10364.935,161100.0,2514370000.0,0.0,0.0,161100.0,2514370000.0,20900.0,-20900.0,0.0,0.0,314545000.0,-314545000.0,0.0,0.0
29/04/2021,10950.33,15550.0,350.0,0.02250804,10709.285,10950.33,10709.285,6700.0,104245000.0,0.0,0.0,6700.0,104245000.0,3700.0,0.0,0.0,-3700.0,57535000.0,0.0,0.0,-57535000.0
28/04/2021,10709.285,15700.0,-150.0,-0.00955414,10674.85,10812.59,10674.85,171800.0,2679740000.0,0.0,0.0,171800.0,2679740000.0,0.0,0.0,0.0,0.0,0.0,0.0,0.0,0.0
27/04/2021,10812.59,15700.0,0.0,0.0,10881.46,10915.895,10674.85,161500.0,2534425000.0,0.0,0.0,161500.0,2534425000.0,500.0,-1000.0,0.0,500.0,7800000.0,-15700000.0,0.0,7900000.0
26/04/2021,10812.59,16450.0,-750.0,-0.04559271,11019.2,11053.635,10778.155,25500.0,403985000.0,0.0,0.0,25500.0,403985000.0,8900.0,-8900.0,0.0,0.0,142550000.0,-142550000.0,0.0,0.0
23/04/2021,11329.115,15850.0,600.0,0.03785489,10915.895,11329.115,10674.85,31900.0,501580000.0,0.0,0.0,31900.0,501580000.0,15800.0,-15800.0,0.0,0.0,249965000.0,-249965000.0,0.0,0.0
22/04/2021,10915.895,17000.0,-1150.0,-0.0676,11225.81,11294.68,10915.895,66100.0,1060885000.0,0.0,0.0,66100.0,1060885000.0,0.0,0.0,0.0,0.0,0.0,0.0,0.0,0.0
20/04/2021,11707.9,16950.0,50.0,0.00294985,11260.245,11707.9,11225.81,9500.0,159055000.0,0.0,0.0,9500.0,159055000.0,0.0,0.0,0.0,0.0,0.0,0.0,0.0,0.0
19/04/2021,11673.465,16950.0,0.0,0.0,11639.03,11673.465,11019.2,31600.0,517235000.0,0.0,0.0,31600.0,517235000.0,1000.0,0.0,0.0,-1000.0,16100000.0,0.0,0.0,-16100000.0
16/04/2021,11673.465,18200.0,-1250.0,-0.06868132,11914.51,11983.38,11673.465,86000.0,1465285000.0,0.0,0.0,86000.0,1465285000.0,-5700.0,5700.0,0.0,0.0,-96615000.0,96615000.0,0.0,0.0
15/04/2021,12534.34,18400.0,-200.0,-0.01086957,12672.08,13085.3,12121.12,51300.0,913295000.0,0.0,0.0,51300.0,913295000.0,-400.0,0.0,0.0,400.0,-7120000.0,0.0,0.0,7120000.0
14/04/2021,12672.08,18000.0,400.0,0.02222222,12396.6,12740.95,12396.6,52100.0,951880000.0,0.0,0.0,52100.0,951880000.0,-100.0,0.0,0.0,100.0,-2100000.0,0.0,0.0,2100000.0
13/04/2021,12396.6,16900.0,1100.0,0.06508876,12431.035,12431.035,11639.03,181400.0,3179205000.0,0.0,0.0,181400.0,3179205000.0,-1100.0,0.0,0.0,1100.0,-18805000.0,0.0,0.0,18805000.0
12/04/2021,11639.03,15800.0,1100.0,0.06962025,11639.03,11639.03,11191.375,168500.0,2830245000.0,0.0,0.0,168500.0,2830245000.0,0.0,0.0,0.0,0.0,0.0,0.0,0.0,0.0
09/04/2021,10881.46,15800.0,0.0,0.0,10674.85,11122.505,10674.85,12900.0,201645000.0,0.0,0.0,12900.0,201645000.0,0.0,0.0,0.0,0.0,0.0,0.0,0.0,0.0
08/04/2021,10881.46,15900.0,-100.0,-0.00628931,10950.33,11225.81,10881.46,34100.0,545275000.0,0.0,0.0,34100.0,545275000.0,-9100.0,0.0,0.0,9100.0,-144980000.0,0.0,0.0,144980000.0
07/04/2021,10950.33,15500.0,400.0,0.02580645,10674.85,10950.33,10605.98,31500.0,489675000.0,0.0,0.0,31500.0,489675000.0,5200.0,0.0,0.0,-5200.0,81150000.0,0.0,0.0,-81150000.0
06/04/2021,10674.85,15550.0,-50.0,-0.00321543,10709.285,10778.155,10640.415,15300.0,237945000.0,0.0,0.0,15300.0,237945000.0,0.0,0.0,0.0,0.0,0.0,0.0,0.0,0.0
05/04/2021,10709.285,15500.0,50.0,0.00322581,10743.72,10743.72,10674.85,27900.0,434110000.0,0.0,0.0,27900.0,434110000.0,0.0,0.0,0.0,0.0,0.0,0.0,0.0,0.0
02/04/2021,10674.85,16000.0,-500.0,-0.03125,10674.85,10950.33,10674.85,28100.0,437290000.0,0.0,0.0,28100.0,437290000.0,0.0,0.0,0.0,0.0,0.0,0.0,0.0,0.0
01/04/2021,11019.2,15900.0,100.0,0.00628931,10950.33,11019.2,10674.85,108700.0,1690150000.0,0.0,0.0,108700.0,1690150000.0,-900.0,-100.0,-100.0,1000.0,-14350000.0,-1550000.0,-1550000.0,15900000.0
31/03/2021,10950.33,16900.0,-1000.0,-0.0591716,11088.07,11707.9,10950.33,53100.0,859650000.0,0.0,0.0,53100.0,859650000.0,0.0,0.0,0.0,0.0,0.0,0.0,0.0,0.0
30/03/2021,11639.03,17100.0,-200.0,-0.01169591,12017.815,12017.815,11156.94,74900.0,1250945000.0,0.0,0.0,74900.0,1250945000.0,0.0,0.0,0.0,0.0,0.0,0.0,0.0,0.0
29/03/2021,11776.77,16500.0,600.0,0.03636364,11363.55,12052.25,11363.55,148800.0,2552145000.0,0.0,0.0,148800.0,2552145000.0,-11700.0,0.0,0.0,11700.0,-203950000.0,0.0,0.0,203950000.0
26/03/2021,11363.55,16500.0,0.0,0.0,11363.55,12052.25,11053.635,124500.0,2088385000.0,0.0,0.0,124500.0,2088385000.0,100.0,-100.0,-100.0,0.0,1700000.0,-1700000.0,-1700000.0,0.0
25/03/2021,11363.55,15750.0,750.0,0.04761905,10881.46,11363.55,10812.59,136900.0,2206805000.0,0.0,0.0,136900.0,2206805000.0,-300.0,0.0,0.0,300.0,-4740000.0,0.0,0.0,4740000.0
24/03/2021,10847.025,15750.0,0.0,0.0,10674.85,10847.025,10605.98,30000.0,469485000.0,0.0,0.0,30000.0,469485000.0,0.0,0.0,0.0,0.0,0.0,0.0,0.0,0.0
23/03/2021,10847.025,15500.0,250.0,0.01612903,10847.025,11225.81,10778.155,23600.0,374635000.0,0.0,0.0,23600.0,374635000.0,0.0,0.0,0.0,0.0,0.0,0.0,0.0,0.0
22/03/2021,10674.85,16000.0,-500.0,-0.03125,10812.59,11019.2,10674.85,18000.0,283060000.0,0.0,0.0,18000.0,283060000.0,0.0,0.0,0.0,0.0,0.0,0.0,0.0,0.0
19/03/2021,11019.2,16100.0,-100.0,-0.00621118,11088.07,11088.07,10709.285,25800.0,408595000.0,0.0,0.0,25800.0,408595000.0,0.0,0.0,0.0,0.0,0.0,0.0,0.0,0.0
18/03/2021,11088.07,16100.0,0.0,0.0,11225.81,11225.81,11088.07,11700.0,189210000.0,0.0,0.0,11700.0,189210000.0,0.0,0.0,0.0,0.0,0.0,0.0,0.0,0.0
17/03/2021,11088.07,15600.0,500.0,0.03205128,10743.72,11088.07,10743.72,17900.0,284515000.0,0.0,0.0,17900.0,284515000.0,0.0,0.0,0.0,0.0,0.0,0.0,0.0,0.0
16/03/2021,10743.72,15700.0,-100.0,-0.00636943,11260.245,11260.245,10674.85,157700.0,2503025000.0,0.0,0.0,157700.0,2503025000.0,102400.0,0.0,0.0,-102400.0,1607135000.0,0.0,0.0,-1607135000.0
15/03/2021,10812.59,15500.0,200.0,0.01290323,11019.2,11156.94,10812.59,44000.0,711670000.0,0.0,0.0,44000.0,711670000.0,100.0,0.0,0.0,-100.0,1620000.0,0.0,0.0,-1620000.0
12/03/2021,10674.85,16500.0,-1000.0,-0.06060606,11019.2,11363.55,10674.85,50600.0,824260000.0,0.0,0.0,50600.0,824260000.0,0.0,0.0,0.0,0.0,0.0,0.0,0.0,0.0
11/03/2021,11363.55,16000.0,500.0,0.03125,11707.9,11707.9,11363.55,46000.0,769670000.0,0.0,0.0,46000.0,769670000.0,3000.0,0.0,0.0,-3000.0,49500000.0,0.0,0.0,-49500000.0
10/03/2021,11019.2,15600.0,400.0,0.02564103,10743.72,11156.94,10743.72,30000.0,477460000.0,0.0,0.0,30000.0,477460000.0,15000.0,-15000.0,-15000.0,0.0,237530000.0,-237530000.0,-237530000.0,0.0
09/03/2021,10743.72,15600.0,0.0,0.0,10743.72,11019.2,10605.98,129000.0,2041040000.0,0.0,0.0,129000.0,2041040000.0,60700.0,-60700.0,-60700.0,0.0,951870000.0,-951870000.0,-951870000.0,0.0
08/03/2021,10743.72,15400.0,200.0,0.01298701,10881.46,11156.94,10605.98,62100.0,976520000.0,0.0,0.0,62100.0,976520000.0,38800.0,-38000.0,-38000.0,-800.0,605750000.0,-593110000.0,-593110000.0,-12640000.0
05/03/2021,10605.98,15500.0,-100.0,-0.00645161,10881.46,10881.46,10605.98,20900.0,323800000.0,0.0,0.0,20900.0,323800000.0,13700.0,-13700.0,-13700.0,0.0,212240000.0,-212240000.0,-212240000.0,0.0
04/03/2021,10674.85,15300.0,200.0,0.0130719,10950.33,11225.81,10605.98,140900.0,2241190000.0,0.0,0.0,140900.0,2241190000.0,72600.0,-72600.0,-72600.0,0.0,1153650000.0,-1153650000.0,-1153650000.0,0.0
03/03/2021,10537.11,15900.0,-600.0,-0.03773585,10950.33,11363.55,10330.5,144000.0,2260050000.0,0.0,0.0,144000.0,2260050000.0,95600.0,-95600.0,-95600.0,0.0,1494375000.0,-1494375000.0,-1494375000.0,0.0
02/03/2021,10950.33,15600.0,300.0,0.01923077,10812.59,11363.55,10812.59,144700.0,2344910000.0,0.0,0.0,144700.0,2344910000.0,90300.0,-88700.0,-88700.0,-1600.0,1455810000.0,-1429570000.0,-1429570000.0,-26240000.0
01/03/2021,10743.72,16200.0,-600.0,-0.03703704,11225.81,11294.68,10674.85,158800.0,2530215000.0,0.0,0.0,158800.0,2530215000.0,57700.0,-57000.0,-57000.0,-700.0,923100000.0,-912040000.0,-912040000.0,-11060000.0
26/02/2021,11156.94,16300.0,-100.0,-0.00613497,10743.72,11432.42,10674.85,154100.0,2452925000.0,0.0,0.0,154100.0,2452925000.0,48200.0,-45700.0,-45700.0,-2500.0,773885000.0,-733405000.0,-733405000.0,-40480000.0
25/02/2021,11225.81,16300.0,0.0,0.0,11776.77,11776.77,11088.07,44100.0,718100000.0,0.0,0.0,44100.0,718100000.0,3100.0,-3100.0,-3100.0,0.0,50840000.0,-50840000.0,-50840000.0,0.0
24/02/2021,11225.81,16900.0,-600.0,-0.03550296,11639.03,11914.51,11156.94,90000.0,1499640000.0,0.0,0.0,90000.0,1499640000.0,19600.0,-13300.0,-13300.0,-6300.0,329670000.0,-224460000.0,-224460000.0,-105210000.0
23/02/2021,11639.03,16400.0,500.0,0.0304878,12017.815,12017.815,11363.55,227900.0,3860395000.0,0.0,0.0,227900.0,3860395000.0,22100.0,-22100.0,-22100.0,0.0,372860000.0,-372860000.0,-372860000.0,0.0
22/02/2021,11294.68,15350.0,1050.0,0.06840391,11260.245,11294.68,11019.2,171100.0,2799080000.0,0.0,0.0,171100.0,2799080000.0,44500.0,-44500.0,-44500.0,0.0,729800000.0,-729800000.0,-729800000.0,0.0
19/02/2021,10571.545,15000.0,350.0,0.02333333,10330.5,11053.635,10261.63,167600.0,2614985000.0,0.0,0.0,167600.0,2614985000.0,50000.0,-50000.0,-50000.0,0.0,781000000.0,-781000000.0,-781000000.0,0.0
18/02/2021,10330.5,14200.0,800.0,0.05633803,10296.065,10330.5,9986.15,107400.0,1593780000.0,0.0,0.0,107400.0,1593780000.0,40000.0,-40000.0,-40000.0,0.0,597000000.0,-597000000.0,-597000000.0,0.0
17/02/2021,9779.54,13300.0,900.0,0.06766917,9159.71,9779.54,8608.75,74000.0,988280000.0,0.0,0.0,74000.0,988280000.0,26800.0,-20000.0,-20000.0,-6800.0,357440000.0,-267000000.0,-267000000.0,-90440000.0
09/02/2021,9159.71,13300.0,0.0,0.0,8815.36,9159.71,8539.88,86500.0,1095605000.0,0.0,0.0,86500.0,1095605000.0,10000.0,-10000.0,-10000.0,0.0,129750000.0,-129750000.0,-129750000.0,0.0
08/02/2021,9159.71,14300.0,-1000.0,-0.06993007,9676.235,9676.235,9159.71,77600.0,1042355000.0,0.0,0.0,77600.0,1042355000.0,5400.0,-10000.0,-10000.0,4600.0,71910000.0,-136250000.0,-136250000.0,64340000.0
05/02/2021,9848.41,14750.0,-450.0,-0.03050847,9572.93,10158.325,9469.625,34000.0,470425000.0,0.0,0.0,34000.0,470425000.0,5500.0,0.0,0.0,-5500.0,76630000.0,0.0,0.0,-76630000.0
04/02/2021,10158.325,15850.0,-1100.0,-0.06940063,10915.895,11019.2,10158.325,102800.0,1548440000.0,0.0,0.0,102800.0,1548440000.0,2000.0,-5000.0,-5000.0,3000.0,28150000.0,-74055000.0,-74055000.0,45905000.0
03/02/2021,10915.895,14850.0,1000.0,0.06734007,9538.495,10915.895,9538.495,321800.0,4569240000.0,0.0,0.0,321800.0,4569240000.0,70200.0,-30800.0,-50000.0,-39400.0,999205000.0,-441885000.0,-707375000.0,-557320000.0
02/02/2021,10227.195,15950.0,-1100.0,-0.06896552,10227.195,10227.195,10227.195,8100.0,120285000.0,0.0,0.0,8100.0,120285000.0,-3000.0,0.0,0.0,3000.0,-44550000.0,0.0,0.0,44550000.0
01/02/2021,10984.765,17100.0,-1150.0,-0.06725146,10984.765,10984.765,10984.765,10900.0,173855000.0,0.0,0.0,10900.0,173855000.0,-300.0,0.0,0.0,300.0,-4785000.0,0.0,0.0,4785000.0
29/01/2021,11776.77,18350.0,-1250.0,-0.06811989,13429.65,13429.65,11776.77,110200.0,1970000000.0,0.0,0.0,110200.0,1970000000.0,-7000.0,800.0,0.0,6200.0,-132845000.0,15160000.0,0.0,117685000.0
28/01/2021,12637.645,17150.0,1200.0,0.06997085,12637.645,12637.645,11811.205,178900.0,3275525000.0,0.0,0.0,178900.0,3275525000.0,16400.0,0.0,0.0,-16400.0,301630000.0,0.0,0.0,-301630000.0
27/01/2021,11811.205,16050.0,1100.0,0.06853583,11811.205,11811.205,11776.77,289400.0,4958640000.0,0.0,0.0,289400.0,4958640000.0,2000.0,0.0,0.0,-2000.0,34300000.0,0.0,0.0,-34300000.0
26/01/2021,11053.635,15000.0,1050.0,0.07,11019.2,11053.635,10433.805,357500.0,5728250000.0,0.0,0.0,357500.0,5728250000.0,112600.0,-30000.0,0.0,-82600.0,1803080000.0,-481500000.0,0.0,-1321580000.0
25/01/2021,10330.5,14050.0,950.0,0.06761566,10330.5,10330.5,10330.5,65200.0,978000000.0,0.0,0.0,65200.0,978000000.0,3000.0,0.0,0.0,-3000.0,45000000.0,0.0,0.0,-45000000.0
22/01/2021,9676.235,13150.0,900.0,0.06844106,9676.235,9676.235,9676.235,15100.0,212155000.0,0.0,0.0,15100.0,212155000.0,1900.0,0.0,0.0,-1900.0,26695000.0,0.0,0.0,-26695000.0
21/01/2021,9056.405,12300.0,850.0,0.06910569,9056.405,9056.405,9056.405,18600.0,244590000.0,0.0,0.0,18600.0,244590000.0,0.0,0.0,0.0,0.0,0.0,0.0,0.0,0.0
20/01/2021,8471.01,11500.0,800.0,0.06956522,8471.01,8471.01,8471.01,99700.0,1226310000.0,0.0,0.0,99700.0,1226310000.0,6800.0,0.0,0.0,-6800.0,83640000.0,0.0,0.0,-83640000.0
19/01/2021,7920.05,10950.0,550.0,0.05022831,8057.79,8057.79,7575.7,230400.0,2681585000.0,0.0,0.0,230400.0,2681585000.0,-14300.0,15000.0,-15000.0,-700.0,-166670000.0,175560000.0,-172050000.0,-8890000.0
18/01/2021,7541.265,10250.0,700.0,0.06829268,7506.83,7541.265,7506.83,26000.0,284050000.0,0.0,0.0,26000.0,284050000.0,20000.0,-10000.0,-10000.0,-10000.0,218500000.0,-109500000.0,-109500000.0,-109000000.0
15/01/2021,7059.175,9600.0,650.0,0.0677,7059.175,7059.175,7059.175,66000.0,676500000.0,0.0,0.0,66000.0,676500000.0,36600.0,-20000.0,-20000.0,-16600.0,375150000.0,-205000000.0,-205000000.0,-170150000.0
14/01/2021,6611.52,8980.0,620.0,0.069,6611.52,6611.52,6611.52,217800.0,2090880000.0,0.0,0.0,217800.0,2090880000.0,90000.0,-80000.0,-80000.0,-10000.0,864000000.0,-768000000.0,-768000000.0,-96000000.0
13/01/2021,6184.526,8400.0,580.0,0.06904762,5853.95,6184.526,5853.95,144300.0,1276894000.0,0.0,0.0,144300.0,1276894000.0,82700.0,-73700.0,-73700.0,-9000.0,738326000.0,-661826000.0,-661826000.0,-76500000.0
12/01/2021,5785.08,8500.0,-100.0,-0.01176471,5509.6,5785.08,5509.6,24900.0,200200000.0,0.0,0.0,24900.0,200200000.0,-2600.0,0.0,0.0,2600.0,-20800000.0,0.0,0.0,20800000.0
11/01/2021,5853.95,8580.0,-80.0,-0.00932401,5909.046,5909.046,5544.035,27100.0,222606000.0,0.0,0.0,27100.0,222606000.0,-3000.0,0.0,0.0,3000.0,-25500000.0,0.0,0.0,25500000.0
08/01/2021,5909.046,8580.0,0.0,0.0,5909.046,5915.933,5853.95,14200.0,121855000.0,0.0,0.0,14200.0,121855000.0,-300.0,0.0,0.0,300.0,-2574000.0,0.0,0.0,2574000.0
07/01/2021,5909.046,8030.0,550.0,0.0685,5915.933,5915.933,5509.6,46600.0,389096000.0,0.0,0.0,46600.0,389096000.0,-6100.0,0.0,0.0,6100.0,-50733000.0,0.0,0.0,50733000.0
06/01/2021,5530.261,7510.0,520.0,0.06924101,5268.555,5530.261,5268.555,59100.0,473903000.0,0.0,0.0,59100.0,473903000.0,0.0,0.0,0.0,0.0,0.0,0.0,0.0,0.0
05/01/2021,5172.137,7020.0,490.0,0.06980057,5172.137,5172.137,5165.25,63700.0,478367000.0,0.0,0.0,63700.0,478367000.0,0.0,0.0,0.0,0.0,0.0,0.0,0.0,0.0
04/01/2021,4834.674,6570.0,450.0,0.06849315,4807.126,4834.674,4807.126,7200.0,50376000.0,0.0,0.0,7200.0,50376000.0,4800.0,0.0,0.0,-4800.0,33528000.0,0.0,0.0,-33528000.0
31/12/2020,4524.759,7060.0,-490.0,-0.0694051,4786.465,4827.787,4524.759,26060.0,178950800.0,0.0,0.0,26060.0,178950800.0,3490.0,0.0,0.0,-3490.0,23055500.0,0.0,0.0,-23055500.0
30/12/2020,4862.222,7060.0,0.0,0.0,4862.222,5199.685,4862.222,12350.0,88214300.0,0.0,0.0,12350.0,88214300.0,-500.0,0.0,0.0,500.0,-3545000.0,0.0,0.0,3545000.0
29/12/2020,4862.222,7060.0,0.0,0.0,4862.222,5158.363,4862.222,7790.0,55021000.0,0.0,0.0,7790.0,55021000.0,-500.0,0.0,0.0,500.0,-3535000.0,0.0,0.0,3535000.0
28/12/2020,4862.222,6600.0,460.0,0.06969697,4545.42,4862.222,4545.42,12830.0,90393000.0,230000.0,1426000000.0,242830.0,1516393000.0,-390.0,0.0,0.0,390.0,-2702000.0,0.0,0.0,2702000.0
25/12/2020,4545.42,6600.0,0.0,0.0,4269.94,4545.42,4269.94,1760.0,11098000.0,0.0,0.0,1760.0,11098000.0,-70.0,0.0,0.0,70.0,-441000.0,0.0,0.0,441000.0
24/12/2020,4545.42,6780.0,-180.0,-0.02654867,4476.55,4545.42,4345.697,2700.0,17540000.0,0.0,0.0,2700.0,17540000.0,0.0,0.0,0.0,0.0,0.0,0.0,0.0,0.0
23/12/2020,4669.386,6350.0,430.0,0.06771654,4676.273,4676.273,4669.386,18280.0,124107400.0,0.0,0.0,18280.0,124107400.0,1760.0,0.0,0.0,-1760.0,11937800.0,0.0,0.0,-11937800.0
22/12/2020,4373.245,5990.0,360.0,0.06010017,4028.895,4400.793,4028.895,4670.0,28390100.0,0.0,0.0,4670.0,28390100.0,1840.0,0.0,0.0,-1840.0,11757600.0,0.0,0.0,-11757600.0
21/12/2020,4125.313,5600.0,390.0,0.06964286,3891.155,4125.313,3856.72,27720.0,158481000.0,0.0,0.0,27720.0,158481000.0,70.0,0.0,0.0,-70.0,399000.0,0.0,0.0,-399000.0
18/12/2020,3856.72,5600.0,0.0,0.0,3856.72,3918.703,3856.72,2010.0,11257500.0,0.0,0.0,2010.0,11257500.0,1600.0,0.0,0.0,-1600.0,8960000.0,0.0,0.0,-8960000.0
17/12/2020,3856.72,5550.0,50.0,0.00900901,3829.172,3932.477,3829.172,19710.0,110483500.0,0.0,0.0,19710.0,110483500.0,400.0,0.0,0.0,-400.0,2275000.0,0.0,0.0,-2275000.0
16/12/2020,3822.285,5550.0,0.0,0.0,3925.59,3925.59,3822.285,630.0,3499000.0,0.0,0.0,630.0,3499000.0,-20.0,0.0,0.0,20.0,-113500.0,0.0,0.0,113500.0
15/12/2020,3822.285,5450.0,100.0,0.01834862,3787.85,3891.155,3787.85,7230.0,40579500.0,0.0,0.0,7230.0,40579500.0,-100.0,0.0,0.0,100.0,-575000.0,0.0,0.0,575000.0
14/12/2020,3753.415,5390.0,60.0,0.01113173,3684.545,3891.155,3684.545,9020.0,49651200.0,0.0,0.0,9020.0,49651200.0,4000.0,0.0,0.0,-4000.0,21400000.0,0.0,0.0,-21400000.0
11/12/2020,3712.093,5640.0,-250.0,-0.04432624,3884.268,3884.268,3698.319,2430.0,13700000.0,0.0,0.0,2430.0,13700000.0,-400.0,0.0,0.0,400.0,-2256000.0,0.0,0.0,2256000.0
10/12/2020,3884.268,5600.0,40.0,0.00714286,3891.155,3911.816,3718.98,3540.0,19405500.0,0.0,0.0,3540.0,19405500.0,-500.0,0.0,0.0,500.0,-2837000.0,0.0,0.0,2837000.0
09/12/2020,3856.72,5600.0,0.0,0.0,3856.72,3856.72,3856.72,0.0,0.0,0.0,0.0,0.0,0.0,0.0,0.0,0.0,0.0,0.0,0.0,0.0,0.0
08/12/2020,3856.72,5570.0,30.0,0.005386,3877.381,3877.381,3684.545,15850.0,86858200.0,0.0,0.0,15850.0,86858200.0,-7330.0,0.0,0.0,7330.0,-40827100.0,0.0,0.0,40827100.0
07/12/2020,3836.059,5410.0,160.0,0.02957486,3753.415,3836.059,3512.37,5230.0,26826700.0,0.0,0.0,5230.0,26826700.0,0.0,0.0,0.0,0.0,0.0,0.0,0.0,0.0
04/12/2020,3725.867,5600.0,-190.0,-0.03392857,3849.833,3918.703,3725.867,16580.0,93520200.0,0.0,0.0,16580.0,93520200.0,1000.0,0.0,0.0,-1000.0,5410000.0,0.0,0.0,-5410000.0
03/12/2020,3856.72,5650.0,-50.0,-0.00884956,3856.72,3856.72,3856.72,1140.0,6384000.0,0.0,0.0,1140.0,6384000.0,0.0,0.0,0.0,0.0,0.0,0.0,0.0,0.0
02/12/2020,3891.155,5400.0,250.0,0.0462963,3925.59,3925.59,3891.155,40.0,226500.0,0.0,0.0,40.0,226500.0,-30.0,0.0,0.0,30.0,-169500.0,0.0,0.0,169500.0
01/12/2020,3718.98,5750.0,-350.0,-0.06086957,3718.98,3725.867,3718.98,4120.0,22248900.0,0.0,0.0,4120.0,22248900.0,-3000.0,0.0,0.0,3000.0,-16200000.0,0.0,0.0,16200000.0
30/11/2020,3960.025,5750.0,0.0,0.0,3960.025,3960.025,3960.025,0.0,0.0,0.0,0.0,0.0,0.0,0.0,0.0,0.0,0.0,0.0,0.0,0.0,0.0
27/11/2020,3960.025,5680.0,70.0,0.01232394,3925.59,3960.025,3891.155,10010.0,57113900.0,0.0,0.0,10010.0,57113900.0,0.0,0.0,0.0,0.0,0.0,0.0,0.0,0.0
26/11/2020,3911.816,5790.0,-110.0,-0.01899827,3718.98,3911.816,3712.093,7090.0,38310200.0,0.0,0.0,7090.0,38310200.0,0.0,0.0,0.0,0.0,0.0,0.0,0.0,0.0
25/11/2020,3987.573,5880.0,-90.0,-0.01530612,3987.573,3987.573,3980.686,2000.0,11579300.0,0.0,0.0,2000.0,11579300.0,0.0,0.0,0.0,0.0,0.0,0.0,0.0,0.0
24/11/2020,4049.556,5880.0,0.0,0.0,4049.556,4049.556,4049.556,0.0,0.0,0.0,0.0,0.0,0.0,0.0,0.0,0.0,0.0,0.0,0.0,0.0,0.0
23/11/2020,4049.556,5890.0,-10.0,-0.00169779,4049.556,4049.556,4049.556,110.0,646800.0,0.0,0.0,110.0,646800.0,0.0,0.0,0.0,0.0,0.0,0.0,0.0,0.0
20/11/2020,4056.443,5600.0,290.0,0.05178571,4056.443,4056.443,3595.014,1350.0,7281600.0,0.0,0.0,1350.0,7281600.0,0.0,0.0,0.0,0.0,0.0,0.0,0.0,0.0
19/11/2020,3856.72,5580.0,20.0,0.00358423,3856.72,3856.72,3581.24,16250.0,84715600.0,0.0,0.0,16250.0,84715600.0,14000.0,0.0,0.0,-14000.0,72900000.0,0.0,0.0,-72900000.0
18/11/2020,3842.946,5990.0,-410.0,-0.06844741,3842.946,3842.946,3842.946,230.0,1283400.0,0.0,0.0,230.0,1283400.0,0.0,0.0,0.0,0.0,0.0,0.0,0.0,0.0
17/11/2020,4125.313,5880.0,110.0,0.01870748,4028.895,4125.313,4028.895,130.0,762800.0,0.0,0.0,130.0,762800.0,0.0,0.0,0.0,0.0,0.0,0.0,0.0,0.0
16/11/2020,4049.556,5880.0,0.0,0.0,4049.556,4049.556,4049.556,0.0,0.0,0.0,0.0,0.0,0.0,0.0,0.0,0.0,0.0,0.0,0.0,0.0,0.0
13/11/2020,4049.556,5890.0,-10.0,-0.00169779,3780.963,4049.556,3780.963,180.0,992100.0,0.0,0.0,180.0,992100.0,0.0,0.0,0.0,0.0,0.0,0.0,0.0,0.0
12/11/2020,4056.443,5830.0,60.0,0.0102916,4056.443,4056.443,4056.443,10.0,0.0,0.0,0.0,10.0,0.0,0.0,0.0,0.0,0.0,0.0,0.0,0.0,0.0
11/11/2020,4015.121,5840.0,-10.0,-0.00171233,4022.008,4022.008,4015.121,120.0,1000000.0,0.0,0.0,120.0,1000000.0,0.0,0.0,0.0,0.0,0.0,0.0,0.0,0.0
10/11/2020,4022.008,5820.0,20.0,0.00343643,3739.641,4022.008,3739.641,1670.0,9072200.0,0.0,0.0,1670.0,9072200.0,0.0,0.0,0.0,0.0,0.0,0.0,0.0,0.0
09/11/2020,4008.234,5800.0,20.0,0.00344828,3718.98,4008.234,3718.98,210.0,1178200.0,0.0,0.0,210.0,1178200.0,0.0,0.0,0.0,0.0,0.0,0.0,0.0,0.0
06/11/2020,3994.46,5800.0,0.0,0.0,3994.46,4022.008,3994.46,9190.0,53302700.0,0.0,0.0,9190.0,53302700.0,-9170.0,0.0,0.0,9170.0,-53186000.0,0.0,0.0,53186000.0
05/11/2020,3994.46,5650.0,150.0,0.02654867,3994.46,3994.46,3994.46,10.0,58000.0,0.0,0.0,10.0,58000.0,0.0,0.0,0.0,0.0,0.0,0.0,0.0,0.0
04/11/2020,3891.155,5500.0,150.0,0.02727273,3650.11,3891.155,3650.11,17810.0,94396500.0,0.0,0.0,17810.0,94396500.0,0.0,0.0,0.0,0.0,0.0,0.0,0.0,0.0
03/11/2020,3787.85,5400.0,100.0,0.01851852,3698.319,3787.85,3663.884,3070.0,16549400.0,0.0,0.0,3070.0,16549400.0,0.0,0.0,0.0,0.0,0.0,0.0,0.0,0.0
02/11/2020,3718.98,5420.0,-20.0,-0.00369004,3760.302,3760.302,3718.98,30.0,163200.0,0.0,0.0,30.0,163200.0,0.0,0.0,0.0,0.0,0.0,0.0,0.0,0.0
30/10/2020,3732.754,5440.0,-20.0,-0.00367647,3739.641,3739.641,3512.37,600.0,3145700.0,0.0,0.0,600.0,3145700.0,140.0,-140.0,0.0,0.0,714000.0,-714000.0,0.0,0.0
29/10/2020,3746.528,5440.0,0.0,0.0,3512.37,3746.528,3512.37,1000.0,5270000.0,0.0,0.0,1000.0,5270000.0,0.0,0.0,0.0,0.0,0.0,0.0,0.0,0.0
28/10/2020,3746.528,5450.0,-10.0,-0.00183486,3498.596,3746.528,3498.596,8590.0,44320000.0,0.0,0.0,8590.0,44320000.0,-1590.0,0.0,0.0,1590.0,-8480800.0,0.0,0.0,8480800.0
27/10/2020,3753.415,5460.0,-10.0,-0.0018315,3760.302,3760.302,3581.24,9420.0,49247200.0,0.0,0.0,9420.0,49247200.0,0.0,0.0,0.0,0.0,0.0,0.0,0.0,0.0
26/10/2020,3760.302,5870.0,-410.0,-0.06984668,4042.669,4042.669,3760.302,2280.0,12592300.0,0.0,0.0,2280.0,12592300.0,3.0,0.0,0.0,0.0,0.0,0.0,0.0,0.0
23/10/2020,4042.669,6310.0,-440.0,-0.06973059,4042.669,4476.55,4042.669,11420.0,67431900.0,0.0,0.0,11420.0,67431900.0,-1.0,0.0,0.0,0.0,43000.0,0.0,0.0,-43000.0
22/10/2020,4345.697,6250.0,60.0,0.0096,4600.516,4600.516,4338.81,4900.0,31351700.0,0.0,0.0,4900.0,31351700.0,1910.0,0.0,0.0,-1910.0,12071200.0,0.0,0.0,-12071200.0
21/10/2020,4304.375,5850.0,400.0,0.06837607,4304.375,4304.375,4132.2,37370.0,233557500.0,0.0,0.0,37370.0,233557500.0,-140.0,140.0,0.0,0.0,-875000.0,875000.0,0.0,0.0
20/10/2020,4028.895,5470.0,380.0,0.06946984,3787.85,4028.895,3787.85,6880.0,40019100.0,0.0,0.0,6880.0,40019100.0,-100.0,0.0,0.0,100.0,-550000.0,0.0,0.0,550000.0
19/10/2020,3767.189,5400.0,70.0,0.01296296,3849.833,3849.833,3767.189,368360.0,2018617300.0,0.0,0.0,368360.0,2018617300.0,0.0,0.0,0.0,0.0,0.0,0.0,0.0,0.0
16/10/2020,3718.98,5620.0,-220.0,-0.03914591,3836.059,3836.059,3718.98,50.0,276800.0,0.0,0.0,50.0,276800.0,0.0,0.0,0.0,0.0,0.0,0.0,0.0,0.0
15/10/2020,3870.494,5620.0,0.0,0.0,3870.494,3870.494,3870.494,0.0,0.0,0.0,0.0,0.0,0.0,0.0,0.0,0.0,0.0,0.0,0.0,0.0,0.0
14/10/2020,3870.494,5620.0,0.0,0.0,3870.494,3870.494,3870.494,0.0,0.0,0.0,0.0,0.0,0.0,0.0,0.0,0.0,0.0,0.0,0.0,0.0,0.0
13/10/2020,3870.494,5670.0,-50.0,-0.00881834,3684.545,3870.494,3684.545,4340.0,23356700.0,0.0,0.0,4340.0,23356700.0,0.0,0.0,0.0,0.0,0.0,0.0,0.0,0.0
12/10/2020,3904.929,5580.0,90.0,0.01612903,3650.11,3904.929,3650.11,3020.0,16014200.0,0.0,0.0,3020.0,16014200.0,0.0,0.0,0.0,0.0,0.0,0.0,0.0,0.0
09/10/2020,3842.946,5300.0,280.0,0.05283019,3898.042,3898.042,3656.997,710.0,3807800.0,0.0,0.0,710.0,3807800.0,0.0,0.0,0.0,0.0,0.0,0.0,0.0,0.0
08/10/2020,3650.11,5600.0,-300.0,-0.05357143,3849.833,3849.833,3650.11,4890.0,25919900.0,0.0,0.0,4890.0,25919900.0,4880.0,0.0,0.0,-4880.0,25864000.0,0.0,0.0,-25864000.0
07/10/2020,3856.72,5500.0,100.0,0.01818182,3787.85,3856.72,3718.98,1620.0,8830000.0,0.0,0.0,1620.0,8830000.0,400.0,0.0,0.0,-400.0,2200000.0,0.0,0.0,-2200000.0
06/10/2020,3787.85,5360.0,140.0,0.0261194,3691.432,3787.85,3581.24,12020.0,64377800.0,0.0,0.0,12020.0,64377800.0,30.0,0.0,0.0,0.0,160800.0,0.0,0.0,0.0
05/10/2020,3691.432,5360.0,0.0,0.0,3471.048,3691.432,3471.048,6160.0,32953800.0,0.0,0.0,6160.0,32953800.0,0.0,0.0,0.0,0.0,0.0,0.0,0.0,0.0
02/10/2020,3691.432,5210.0,150.0,0.02879079,3581.24,3718.98,3581.24,1360.0,7079000.0,0.0,0.0,1360.0,7079000.0,10.0,0.0,0.0,-30.0,52000.0,0.0,0.0,-156000.0
01/10/2020,3588.127,5540.0,-330.0,-0.05956679,3574.353,3588.127,3574.353,5320.0,27656800.0,0.0,0.0,5320.0,27656800.0,-30.0,0.0,0.0,0.0,-155700.0,0.0,0.0,0.0
30/09/2020,3815.398,5550.0,-10.0,-0.0018018,3815.398,3815.398,3815.398,80.0,443200.0,0.0,0.0,80.0,443200.0,0.0,0.0,0.0,0.0,0.0,0.0,0.0,0.0
29/09/2020,3822.285,5570.0,-20.0,-0.00359066,3581.24,3822.285,3581.24,10160.0,53213000.0,0.0,0.0,10160.0,53213000.0,0.0,0.0,0.0,0.0,0.0,0.0,0.0,0.0
28/09/2020,3836.059,5600.0,-30.0,-0.00535714,3608.788,3836.059,3601.901,2060.0,10784700.0,0.0,0.0,2060.0,10784700.0,0.0,0.0,0.0,0.0,0.0,0.0,0.0,0.0
25/09/2020,3856.72,5400.0,200.0,0.03703704,3650.11,3856.72,3650.11,60.0,324000.0,0.0,0.0,60.0,324000.0,0.0,0.0,0.0,0.0,0.0,0.0,0.0,0.0
24/09/2020,3718.98,5570.0,-170.0,-0.03052065,3718.98,3718.98,3718.98,500.0,2700000.0,0.0,0.0,500.0,2700000.0,0.0,0.0,0.0,0.0,0.0,0.0,0.0,0.0
23/09/2020,3836.059,5210.0,360.0,0.06909789,3601.901,3836.059,3601.901,110.0,578700.0,0.0,0.0,110.0,578700.0,0.0,0.0,0.0,0.0,0.0,0.0,0.0,0.0
22/09/2020,3588.127,5310.0,-100.0,-0.01883239,3656.997,3911.816,3588.127,550.0,2920200.0,0.0,0.0,550.0,2920200.0,-500.0,0.0,0.0,500.0,-2655000.0,0.0,0.0,2655000.0
21/09/2020,3656.997,5700.0,-390.0,-0.06842105,3656.997,3663.884,3656.997,20.0,106300.0,0.0,0.0,20.0,106300.0,0.0,0.0,0.0,0.0,0.0,0.0,0.0,0.0
18/09/2020,3925.59,5890.0,-190.0,-0.03225806,4028.895,4028.895,3774.076,7560.0,41736600.0,0.0,0.0,7560.0,41736600.0,1500.0,0.0,0.0,0.0,8220000.0,0.0,0.0,0.0
17/09/2020,4056.443,5890.0,0.0,0.0,4049.556,4056.443,4049.556,1020.0,6007700.0,0.0,0.0,1020.0,6007700.0,1000.0,0.0,0.0,0.0,5890000.0,0.0,0.0,0.0
16/09/2020,4056.443,5560.0,330.0,0.05935252,3650.11,4056.443,3650.11,540.0,2879900.0,0.0,0.0,540.0,2879900.0,0.0,0.0,0.0,0.0,0.0,0.0,0.0,0.0
15/09/2020,3829.172,5200.0,360.0,0.06923077,3588.127,3829.172,3581.24,9510.0,49532400.0,0.0,0.0,9510.0,49532400.0,-1500.0,0.0,0.0,0.0,-7815000.0,0.0,0.0,0.0
14/09/2020,3581.24,5500.0,-300.0,-0.05454545,3787.85,4049.556,3546.805,41120.0,237913500.0,0.0,0.0,41120.0,237913500.0,10000.0,0.0,0.0,-10000.0,55000000.0,0.0,0.0,-55000000.0
11/09/2020,3787.85,5500.0,0.0,0.0,3712.093,3787.85,3581.24,29900.0,163485400.0,0.0,0.0,29900.0,163485400.0,10200.0,0.0,0.0,-10740.0,56210000.0,0.0,0.0,-59070000.0
10/09/2020,3787.85,5500.0,0.0,0.0,3787.85,3787.85,3787.85,11080.0,60940000.0,0.0,0.0,11080.0,60940000.0,11030.0,0.0,0.0,-10000.0,60665000.0,0.0,0.0,-55000000.0
09/09/2020,3787.85,5160.0,340.0,0.06589147,3787.85,3787.85,3787.85,10.0,55000.0,0.0,0.0,10.0,55000.0,0.0,0.0,0.0,0.0,0.0,0.0,0.0,0.0
08/09/2020,3553.692,5400.0,-240.0,-0.04444444,3581.24,3581.24,3546.805,4000.0,20769400.0,0.0,0.0,4000.0,20769400.0,0.0,0.0,0.0,0.0,0.0,0.0,0.0,0.0
07/09/2020,3718.98,5400.0,0.0,0.0,3718.98,3718.98,3718.98,2000.0,10800000.0,0.0,0.0,2000.0,10800000.0,-2000.0,0.0,0.0,2000.0,-10800000.0,0.0,0.0,10800000.0
04/09/2020,3718.98,5800.0,-400.0,-0.06896552,3718.98,3718.98,3718.98,1250.0,6750000.0,0.0,0.0,1250.0,6750000.0,0.0,0.0,0.0,0.0,0.0,0.0,0.0,0.0
03/09/2020,3994.46,5800.0,0.0,0.0,3994.46,3994.46,3987.573,3460.0,20067000.0,0.0,0.0,3460.0,20067000.0,0.0,0.0,0.0,0.0,0.0,0.0,0.0,0.0
01/09/2020,3994.46,5480.0,320.0,0.05839416,3787.85,3994.46,3533.031,1980.0,11064500.0,0.0,0.0,1980.0,11064500.0,250.0,0.0,0.0,0.0,1450000.0,0.0,0.0,0.0
31/08/2020,3774.076,5130.0,350.0,0.06822612,3374.63,3774.076,3374.63,250.0,1234800.0,0.0,0.0,250.0,1234800.0,0.0,0.0,0.0,0.0,0.0,0.0,0.0,0.0
28/08/2020,3533.031,5500.0,-370.0,-0.06727273,3533.031,3533.031,3533.031,10.0,51300.0,0.0,0.0,10.0,51300.0,0.0,0.0,0.0,0.0,0.0,0.0,0.0,0.0
27/08/2020,3787.85,5500.0,0.0,0.0,3787.85,3787.85,3787.85,160.0,880000.0,0.0,0.0,160.0,880000.0,0.0,0.0,0.0,0.0,0.0,0.0,0.0,0.0
26/08/2020,3787.85,5300.0,200.0,0.03773585,3650.11,3787.85,3650.11,10230.0,54259000.0,0.0,0.0,10230.0,54259000.0,10000.0,0.0,0.0,-10000.0,53000000.0,0.0,0.0,-53000000.0
25/08/2020,3650.11,5300.0,0.0,0.0,3643.223,3650.11,3643.223,20300.0,107587000.0,0.0,0.0,20300.0,107587000.0,10000.0,0.0,0.0,-10000.0,53000000.0,0.0,0.0,-53000000.0
24/08/2020,3650.11,5100.0,200.0,0.03921569,3512.37,3650.11,3443.5,1440.0,7223000.0,0.0,0.0,1440.0,7223000.0,-10.0,0.0,0.0,0.0,-53000.0,0.0,0.0,0.0
21/08/2020,3512.37,4800.0,300.0,0.0625,3305.76,3512.37,3305.76,210.0,1061800.0,0.0,0.0,210.0,1061800.0,0.0,0.0,0.0,0.0,0.0,0.0,0.0,0.0
20/08/2020,3305.76,4700.0,100.0,0.0212766,3305.76,3305.76,3305.76,10.0,48000.0,0.0,0.0,10.0,48000.0,0.0,0.0,0.0,0.0,0.0,0.0,0.0,0.0
19/08/2020,3236.89,4980.0,-280.0,-0.0562249,3243.777,3243.777,3236.89,210.0,988000.0,0.0,0.0,210.0,988000.0,0.0,0.0,0.0,0.0,0.0,0.0,0.0,0.0
18/08/2020,3429.726,5330.0,-350.0,-0.06566604,3650.11,3650.11,3429.726,420.0,2222800.0,0.0,0.0,420.0,2222800.0,-410.0,0.0,0.0,0.0,-2173000.0,0.0,0.0,0.0
17/08/2020,3670.771,5730.0,-400.0,-0.06980803,3670.771,3670.771,3670.771,300.0,1599000.0,0.0,0.0,300.0,1599000.0,-40.0,0.0,0.0,0.0,-213200.0,0.0,0.0,0.0
14/08/2020,3946.251,5870.0,-140.0,-0.02385009,4042.669,4042.669,3760.302,7010.0,38281400.0,0.0,0.0,7010.0,38281400.0,0.0,0.0,0.0,0.0,0.0,0.0,0.0,0.0
13/08/2020,4042.669,5500.0,370.0,0.06727273,4042.669,4042.669,3780.963,2000.0,11000700.0,0.0,0.0,2000.0,11000700.0,0.0,0.0,0.0,0.0,0.0,0.0,0.0,0.0
12/08/2020,3787.85,5500.0,0.0,0.0,3656.997,3787.85,3526.144,1590.0,8470400.0,0.0,0.0,1590.0,8470400.0,-300.0,0.0,0.0,0.0,-1590000.0,0.0,0.0,0.0
11/08/2020,3787.85,5640.0,-140.0,-0.0248227,3787.85,3787.85,3787.85,6260.0,34430000.0,0.0,0.0,6260.0,34430000.0,-6000.0,0.0,0.0,6000.0,-33000000.0,0.0,0.0,33000000.0
10/08/2020,3884.268,5640.0,0.0,0.0,3884.268,3884.268,3622.562,1620.0,8999600.0,0.0,0.0,1620.0,8999600.0,-1200.0,0.0,0.0,0.0,-6744800.0,0.0,0.0,0.0
07/08/2020,3884.268,5290.0,350.0,0.06616257,3388.404,3884.268,3388.404,1010.0,4976400.0,0.0,0.0,1010.0,4976400.0,1000.0,0.0,0.0,-1000.0,4920000.0,0.0,0.0,-4920000.0
06/08/2020,3643.223,4970.0,320.0,0.06438632,3643.223,3643.223,3643.223,10.0,52900.0,0.0,0.0,10.0,52900.0,0.0,0.0,0.0,0.0,0.0,0.0,0.0,0.0
05/08/2020,3422.839,5340.0,-370.0,-0.06928839,3443.5,3443.5,3422.839,70.0,348800.0,0.0,0.0,70.0,348800.0,30.0,0.0,0.0,-30.0,150000.0,0.0,0.0,-150000.0
04/08/2020,3677.658,5340.0,0.0,0.0,3677.658,3677.658,3677.658,30.0,160200.0,0.0,0.0,30.0,160200.0,0.0,0.0,0.0,0.0,0.0,0.0,0.0,0.0
03/08/2020,3677.658,5340.0,0.0,0.0,3677.658,3677.658,3677.658,0.0,0.0,0.0,0.0,0.0,0.0,0.0,0.0,0.0,0.0,0.0,0.0,0.0,0.0
31/07/2020,3677.658,5350.0,-10.0,-0.00186916,3443.5,3677.658,3429.726,660.0,3291400.0,0.0,0.0,660.0,3291400.0,0.0,0.0,0.0,0.0,0.0,0.0,0.0,0.0
30/07/2020,3684.545,5350.0,0.0,0.0,3684.545,3684.545,3684.545,0.0,0.0,0.0,0.0,0.0,0.0,0.0,0.0,0.0,0.0,0.0,0.0,0.0,0.0
29/07/2020,3684.545,5740.0,-390.0,-0.06794425,3684.545,3684.545,3684.545,2450.0,13107500.0,0.0,0.0,2450.0,13107500.0,-2450.0,0.0,0.0,2450.0,-13107500.0,0.0,0.0,13107500.0
28/07/2020,3953.138,5740.0,0.0,0.0,3953.138,3953.138,3953.138,0.0,0.0,0.0,0.0,0.0,0.0,0.0,0.0,0.0,0.0,0.0,0.0,0.0,0.0
27/07/2020,3953.138,5800.0,-60.0,-0.01034483,3960.025,3960.025,3718.98,33720.0,182276900.0,0.0,0.0,33720.0,182276900.0,-2000.0,0.0,0.0,2000.0,-10800000.0,0.0,0.0,10800000.0
24/07/2020,3994.46,5800.0,0.0,0.0,3725.867,3994.46,3718.98,30650.0,165534000.0,0.0,0.0,30650.0,165534000.0,0.0,0.0,0.0,0.0,0.0,0.0,0.0,0.0
23/07/2020,3994.46,5800.0,0.0,0.0,3994.46,3994.46,3994.46,0.0,0.0,0.0,0.0,0.0,0.0,0.0,0.0,0.0,0.0,0.0,0.0,0.0,0.0
22/07/2020,3994.46,5800.0,0.0,0.0,3994.46,3994.46,3994.46,0.0,0.0,0.0,0.0,0.0,0.0,0.0,0.0,0.0,0.0,0.0,0.0,0.0,0.0
21/07/2020,3994.46,5850.0,-50.0,-0.00854701,3994.46,3994.46,3994.46,5000.0,29000000.0,0.0,0.0,5000.0,29000000.0,0.0,0.0,0.0,0.0,0.0,0.0,0.0,0.0
20/07/2020,4028.895,5510.0,340.0,0.06170599,3787.85,4028.895,3787.85,230.0,1331500.0,0.0,0.0,230.0,1331500.0,0.0,0.0,0.0,0.0,0.0,0.0,0.0,0.0
17/07/2020,3794.737,5900.0,-390.0,-0.06610169,4063.33,4063.33,3794.737,1400.0,8104000.0,0.0,0.0,1400.0,8104000.0,0.0,0.0,0.0,0.0,0.0,0.0,0.0,0.0
16/07/2020,4063.33,5550.0,350.0,0.06306306,3822.285,4063.33,3718.98,2920.0,16093000.0,0.0,0.0,2920.0,16093000.0,2450.0,0.0,0.0,-2450.0,13500000.0,0.0,0.0,-13500000.0
15/07/2020,3822.285,5370.0,180.0,0.03351955,3953.138,3953.138,3822.285,44790.0,257092200.0,0.0,0.0,44790.0,257092200.0,0.0,0.0,0.0,0.0,0.0,0.0,0.0,0.0
14/07/2020,3698.319,5020.0,350.0,0.06972112,3698.319,3698.319,3698.319,50.0,268500.0,0.0,0.0,50.0,268500.0,0.0,0.0,0.0,0.0,0.0,0.0,0.0,0.0
13/07/2020,3457.274,5350.0,-330.0,-0.06168224,3457.274,3457.274,3457.274,10.0,50200.0,0.0,0.0,10.0,50200.0,0.0,0.0,0.0,0.0,0.0,0.0,0.0,0.0
10/07/2020,3684.545,5350.0,0.0,0.0,3932.477,3932.477,3684.545,6530.0,36350300.0,0.0,0.0,6530.0,36350300.0,-20.0,0.0,0.0,0.0,-112000.0,0.0,0.0,0.0
09/07/2020,3684.545,5350.0,0.0,0.0,3684.545,3684.545,3684.545,50.0,267500.0,0.0,0.0,50.0,267500.0,0.0,0.0,0.0,0.0,0.0,0.0,0.0,0.0
08/07/2020,3684.545,5350.0,0.0,0.0,3684.545,3684.545,3684.545,0.0,0.0,0.0,0.0,0.0,0.0,0.0,0.0,0.0,0.0,0.0,0.0,0.0,0.0
07/07/2020,3684.545,5710.0,-360.0,-0.06304729,3663.884,4132.2,3663.884,1320.0,7029500.0,0.0,0.0,1320.0,7029500.0,-10.0,0.0,0.0,0.0,-53500.0,0.0,0.0,0.0
06/07/2020,3932.477,5360.0,350.0,0.06529851,3691.432,3939.364,3581.24,250.0,1360400.0,0.0,0.0,250.0,1360400.0,120.0,0.0,0.0,0.0,643000.0,0.0,0.0,0.0
03/07/2020,3691.432,5680.0,-320.0,-0.05633803,4125.313,4125.313,3691.432,30.0,173400.0,0.0,0.0,30.0,173400.0,10.0,-10.0,-10.0,0.0,53600.0,-53600.0,-53600.0,0.0
02/07/2020,3911.816,6100.0,-420.0,-0.06885246,4132.2,4132.2,3911.816,1120.0,6379000.0,0.0,0.0,1120.0,6379000.0,250.0,0.0,0.0,0.0,1429600.0,0.0,0.0,0.0
01/07/2020,4201.07,5720.0,380.0,0.06643357,3932.477,4201.07,3925.59,1190.0,6798200.0,0.0,0.0,1190.0,6798200.0,0.0,0.0,0.0,0.0,0.0,0.0,0.0,0.0
30/06/2020,3939.364,5380.0,340.0,0.06319703,3960.025,3960.025,3450.387,2850.0,14556600.0,0.0,0.0,2850.0,14556600.0,500.0,0.0,0.0,0.0,2554000.0,0.0,0.0,0.0
29/06/2020,3705.206,5780.0,-400.0,-0.06920415,3980.686,4249.279,3705.206,3260.0,17648100.0,0.0,0.0,3260.0,17648100.0,-540.0,0.0,0.0,0.0,-2962600.0,0.0,0.0,0.0
26/06/2020,3980.686,5780.0,0.0,0.0,3725.867,3980.686,3725.867,19260.0,111187100.0,0.0,0.0,19260.0,111187100.0,0.0,0.0,0.0,0.0,0.0,0.0,0.0,0.0
25/06/2020,3980.686,5780.0,0.0,0.0,3718.98,3980.686,3718.98,1010.0,5457800.0,0.0,0.0,1010.0,5457800.0,0.0,0.0,0.0,0.0,0.0,0.0,0.0,0.0
24/06/2020,3980.686,6200.0,-420.0,-0.06774194,4132.2,4132.2,3980.686,48680.0,281480400.0,0.0,0.0,48680.0,281480400.0,-500.0,0.0,0.0,0.0,-3000000.0,0.0,0.0,0.0
23/06/2020,4269.94,6000.0,200.0,0.03333333,4201.07,4269.94,4201.07,3100.0,19210000.0,0.0,0.0,3100.0,19210000.0,70.0,0.0,0.0,0.0,434000.0,0.0,0.0,0.0
22/06/2020,4132.2,5900.0,100.0,0.01694915,4132.2,4132.2,4063.33,2160.0,12952000.0,0.0,0.0,2160.0,12952000.0,0.0,0.0,0.0,0.0,0.0,0.0,0.0,0.0
19/06/2020,4063.33,6210.0,-310.0,-0.04991948,3980.686,4063.33,3980.686,7340.0,42490000.0,0.0,0.0,7340.0,42490000.0,0.0,0.0,0.0,0.0,0.0,0.0,0.0,0.0
18/06/2020,4276.827,6670.0,-460.0,-0.06896552,4283.714,4545.42,4276.827,54530.0,338735300.0,0.0,0.0,54530.0,338735300.0,-10000.0,0.0,0.0,0.0,-62200000.0,0.0,0.0,0.0
17/06/2020,4593.629,6800.0,-130.0,-0.01911765,4683.16,4683.16,4476.55,110.0,726500.0,0.0,0.0,110.0,726500.0,0.0,0.0,0.0,0.0,0.0,0.0,0.0,0.0
16/06/2020,4683.16,6770.0,30.0,0.00443131,4662.499,4820.9,4662.499,4780.0,32396800.0,0.0,0.0,4780.0,32396800.0,-270.0,0.0,0.0,270.0,-1827000.0,0.0,0.0,1827000.0
15/06/2020,4662.499,6330.0,440.0,0.06951027,4359.471,4662.499,4359.471,45040.0,303166200.0,0.0,0.0,45040.0,303166200.0,-2320.0,0.0,0.0,-90.0,-15531400.0,0.0,0.0,-609300.0
12/06/2020,4359.471,6330.0,0.0,0.0,4359.471,4614.29,4056.443,65340.0,414337300.0,0.0,0.0,65340.0,414337300.0,6300.0,0.0,0.0,-4490.0,40657000.0,0.0,0.0,-29050300.0
11/06/2020,4359.471,5920.0,410.0,0.06925676,4359.471,4359.471,4359.471,16500.0,104445000.0,0.0,0.0,16500.0,104445000.0,8770.0,0.0,0.0,-7770.0,55514100.0,0.0,0.0,-49184100.0
10/06/2020,4077.104,5540.0,380.0,0.06859206,4077.104,4077.104,4077.104,3160.0,18707200.0,0.0,0.0,3160.0,18707200.0,90.0,0.0,0.0,-90.0,532800.0,0.0,0.0,-532800.0
09/06/2020,3815.398,5180.0,360.0,0.06949807,3815.398,3815.398,3615.675,9240.0,50858100.0,0.0,0.0,9240.0,50858100.0,-570.0,-10.0,-10.0,-350.0,-3157300.0,-55400.0,-55400.0,-1939000.0
08/06/2020,3567.466,4850.0,330.0,0.06804124,3567.466,3567.466,3567.466,14980.0,77596400.0,0.0,0.0,14980.0,77596400.0,10040.0,0.0,0.0,-10040.0,52007200.0,0.0,0.0,-52007200.0
05/06/2020,3340.195,4540.0,310.0,0.06828194,3333.308,3340.195,3326.421,19800.0,95693500.0,0.0,0.0,19800.0,95693500.0,-2100.0,0.0,0.0,-3100.0,-10137000.0,0.0,0.0,-14979000.0
04/06/2020,3126.698,4250.0,290.0,0.06823529,2995.845,3126.698,2995.845,5500.0,24790200.0,0.0,0.0,5500.0,24790200.0,170.0,0.0,0.0,-270.0,771800.0,0.0,0.0,-1225800.0
03/06/2020,2926.975,4500.0,-250.0,-0.05555556,3099.15,3099.15,2926.975,2800.0,12152500.0,0.0,0.0,2800.0,12152500.0,1780.0,0.0,0.0,-270.0,7565000.0,0.0,0.0,-1147500.0
02/06/2020,3099.15,4440.0,60.0,0.01351351,3133.585,3133.585,2899.427,4280.0,19291600.0,0.0,0.0,4280.0,19291600.0,-1930.0,0.0,0.0,-270.0,-8685000.0,0.0,0.0,-1215000.0
01/06/2020,3057.828,4150.0,290.0,0.06987952,2954.523,3057.828,2954.523,34160.0,151019400.0,0.0,0.0,34160.0,151019400.0,-4450.0,0.0,0.0,-270.0,-19570000.0,0.0,0.0,-1198800.0
29/05/2020,2858.105,4300.0,-150.0,-0.03488372,2961.41,2961.41,2823.67,2280.0,9437400.0,0.0,0.0,2280.0,9437400.0,-1140.0,0.0,0.0,-370.0,-4641500.0,0.0,0.0,-1549500.0
28/05/2020,2961.41,4110.0,190.0,0.04622871,2961.41,2961.41,2961.41,280.0,1204000.0,0.0,0.0,280.0,1204000.0,270.0,0.0,0.0,-270.0,1161000.0,0.0,0.0,-1161000.0
27/05/2020,2830.557,4210.0,-100.0,-0.02375297,3030.28,3030.28,2830.557,340.0,1416700.0,0.0,0.0,340.0,1416700.0,270.0,0.0,0.0,-270.0,1109700.0,0.0,0.0,-1109700.0
26/05/2020,2899.427,4470.0,-260.0,-0.05816555,3030.28,3030.28,2899.427,3230.0,14000000.0,0.0,0.0,3230.0,14000000.0,-730.0,0.0,0.0,-270.0,-3263300.0,0.0,0.0,-1136700.0
25/05/2020,3078.489,4470.0,0.0,0.0,3078.489,3078.489,3071.602,1190.0,5308500.0,0.0,0.0,1190.0,5308500.0,0.0,0.0,0.0,0.0,0.0,0.0,0.0,0.0
22/05/2020,3078.489,4200.0,270.0,0.06428571,2892.54,3092.263,2892.54,320.0,1407900.0,0.0,0.0,320.0,1407900.0,0.0,0.0,0.0,0.0,0.0,0.0,0.0,0.0
21/05/2020,2892.54,4270.0,-70.0,-0.01639344,3064.715,3064.715,2892.54,390.0,1645000.0,0.0,0.0,390.0,1645000.0,200.0,0.0,0.0,-200.0,840000.0,0.0,0.0,-840000.0
20/05/2020,2940.749,4570.0,-300.0,-0.06564551,3147.359,3147.359,2940.749,250.0,1070500.0,0.0,0.0,250.0,1070500.0,200.0,0.0,0.0,-200.0,854000.0,0.0,0.0,-854000.0
19/05/2020,3147.359,4550.0,20.0,0.0043956,3133.585,3154.246,2920.088,1650.0,7188300.0,0.0,0.0,1650.0,7188300.0,690.0,10.0,10.0,-700.0,2993200.0,45800.0,45800.0,-3039000.0
18/05/2020,3133.585,4550.0,0.0,0.0,2920.088,3133.585,2920.088,800.0,3598400.0,0.0,0.0,800.0,3598400.0,270.0,-60.0,-60.0,-200.0,1210500.0,-255000.0,-255000.0,-910000.0
15/05/2020,3133.585,4380.0,170.0,0.03881279,3202.455,3223.116,2864.992,6840.0,31591700.0,0.0,0.0,6840.0,31591700.0,-70.0,270.0,270.0,-200.0,-325100.0,1235100.0,1235100.0,-910000.0
14/05/2020,3016.506,4200.0,180.0,0.04285714,2892.54,3016.506,2885.653,10120.0,42759000.0,0.0,0.0,10120.0,42759000.0,-5680.0,5880.0,5880.0,-200.0,-24038000.0,24914000.0,24914000.0,-876000.0
13/05/2020,2892.54,4010.0,190.0,0.04738155,2761.687,2954.523,2761.687,9760.0,41677600.0,0.0,0.0,9760.0,41677600.0,200.0,0.0,0.0,-200.0,840000.0,0.0,0.0,-840000.0
12/05/2020,2761.687,4280.0,-270.0,-0.06308411,2892.54,3030.28,2761.687,6690.0,27617300.0,0.0,0.0,6690.0,27617300.0,-450.0,0.0,0.0,-200.0,-1880400.0,0.0,0.0,-802000.0
11/05/2020,2947.636,4000.0,280.0,0.07,2947.636,2947.636,2775.461,3430.0,13930400.0,0.0,0.0,3430.0,13930400.0,200.0,0.0,0.0,-200.0,856000.0,0.0,0.0,-856000.0
08/05/2020,2754.8,4200.0,-200.0,-0.04761905,2885.653,3030.28,2754.8,4230.0,17709900.0,0.0,0.0,4230.0,17709900.0,-1780.0,0.0,0.0,1780.0,-7512000.0,0.0,0.0,7512000.0
07/05/2020,2892.54,4500.0,-300.0,-0.06666667,2885.653,3092.263,2885.653,6800.0,28974000.0,0.0,0.0,6800.0,28974000.0,200.0,0.0,0.0,-200.0,840000.0,0.0,0.0,-840000.0
06/05/2020,3099.15,4400.0,100.0,0.02272727,3030.28,3099.15,2961.41,720.0,3198000.0,0.0,0.0,720.0,3198000.0,400.0,0.0,0.0,-400.0,1800000.0,0.0,0.0,-1800000.0
05/05/2020,3030.28,4300.0,100.0,0.02325581,2961.41,3030.28,2754.8,3510.0,14433000.0,0.0,0.0,3510.0,14433000.0,2570.0,0.0,0.0,-2470.0,10310000.0,0.0,0.0,-9880000.0
04/05/2020,2961.41,4100.0,200.0,0.04878049,2823.67,2961.41,2754.8,5700.0,22927000.0,0.0,0.0,5700.0,22927000.0,4180.0,0.0,0.0,-5190.0,16780000.0,0.0,0.0,-20820000.0
29/04/2020,2823.67,4300.0,-200.0,-0.04651163,2961.41,2961.41,2823.67,2200.0,9420000.0,0.0,0.0,2200.0,9420000.0,-1300.0,0.0,0.0,-200.0,-5630000.0,0.0,0.0,-820000.0
28/04/2020,2961.41,4200.0,100.0,0.02380952,2892.54,2961.41,2892.54,5220.0,21946000.0,0.0,0.0,5220.0,21946000.0,200.0,0.0,0.0,-200.0,860000.0,0.0,0.0,-860000.0
27/04/2020,2892.54,4200.0,0.0,0.0,3030.28,3030.28,2892.54,880.0,3698000.0,0.0,0.0,880.0,3698000.0,-290.0,0.0,0.0,-210.0,-1216000.0,0.0,0.0,-884000.0
24/04/2020,2892.54,4200.0,0.0,0.0,2699.704,2892.54,2699.704,4210.0,17679200.0,0.0,0.0,4210.0,17679200.0,200.0,0.0,0.0,-200.0,840000.0,0.0,0.0,-840000.0
23/04/2020,2892.54,4250.0,-50.0,-0.01176471,3030.28,3030.28,2892.54,2990.0,12662000.0,0.0,0.0,2990.0,12662000.0,-2270.0,0.0,0.0,2270.0,-9534000.0,0.0,0.0,9534000.0
22/04/2020,2926.975,4400.0,-150.0,-0.03409091,3168.02,3168.02,2926.975,720.0,3000000.0,0.0,0.0,720.0,3000000.0,110.0,0.0,0.0,-200.0,467500.0,0.0,0.0,-850000.0
21/04/2020,3030.28,4490.0,-90.0,-0.02004454,2892.54,3099.15,2892.54,15020.0,65000000.0,0.0,0.0,15020.0,65000000.0,770.0,0.0,0.0,-200.0,3416500.0,0.0,0.0,-880000.0
20/04/2020,3092.263,4200.0,290.0,0.06904762,2823.67,3092.263,2823.67,460880.0,2068000000.0,0.0,0.0,460880.0,2068000000.0,670.0,-5580.0,0.0,5310.0,3962200.0,-25054200.0,0.0,22693000.0
17/04/2020,2892.54,4050.0,150.0,0.03703704,2754.8,2892.54,2754.8,5910.0,24000000.0,0.0,0.0,5910.0,24000000.0,-680.0,1000.0,0.0,-200.0,-2856000.0,4200000.0,0.0,-840000.0
16/04/2020,2789.235,3900.0,150.0,0.03846154,2534.416,2823.67,2520.642,52390.0,193000000.0,0.0,0.0,52390.0,193000000.0,-4430.0,4200.0,0.0,-200.0,-17133000.0,16444000.0,0.0,-810000.0
15/04/2020,2685.93,4100.0,-200.0,-0.04878049,2685.93,2823.67,2665.269,10390.0,40000000.0,0.0,0.0,10390.0,40000000.0,-6330.0,0.0,0.0,5810.0,-24685000.0,0.0,0.0,22659000.0
14/04/2020,2823.67,4000.0,100.0,0.025,2582.625,2823.67,2568.851,2030.0,8000000.0,0.0,0.0,2030.0,8000000.0,-600.0,1200.0,0.0,-600.0,-2420000.0,4880000.0,0.0,-2460000.0
13/04/2020,2754.8,3940.0,60.0,0.01522843,2713.478,2892.54,2527.529,7040.0,28000000.0,0.0,0.0,7040.0,28000000.0,-5140.0,5120.0,5120.0,0.0,-21064200.0,20992000.0,20992000.0,0.0
10/04/2020,2713.478,3940.0,0.0,0.0,2644.608,2713.478,2644.608,3440.0,13000000.0,0.0,0.0,3440.0,13000000.0,-3220.0,0.0,0.0,0.0,-12363800.0,0.0,0.0,0.0
09/04/2020,2713.478,3700.0,240.0,0.06486486,2513.755,2713.478,2410.45,2390.0,8539800.0,0.0,0.0,2390.0,8539800.0,-590.0,0.0,0.0,-200.0,-2047600.0,0.0,0.0,-788000.0
08/04/2020,2548.19,3650.0,50.0,0.01369863,2341.58,2548.19,2341.58,6780.0,23153000.0,0.0,0.0,6780.0,23153000.0,200.0,0.0,0.0,-200.0,740000.0,0.0,0.0,-740000.0
07/04/2020,2513.755,3650.0,0.0,0.0,2534.416,2541.303,2513.755,520.0,1899100.0,0.0,0.0,520.0,1899100.0,200.0,0.0,0.0,-200.0,730000.0,0.0,0.0,-730000.0
06/04/2020,2513.755,3640.0,10.0,0.00274725,2548.19,2548.19,2513.755,4730.0,17329500.0,0.0,0.0,4730.0,17329500.0,-3130.0,0.0,0.0,3030.0,-11424500.0,0.0,0.0,11059500.0
03/04/2020,2506.868,3410.0,230.0,0.06744868,2506.868,2506.868,2499.981,1170.0,4000000.0,0.0,0.0,1170.0,4000000.0,200.0,0.0,0.0,-200.0,728000.0,0.0,0.0,-728000.0
01/04/2020,2348.467,3400.0,10.0,0.00294118,2499.981,2499.981,2348.467,3870.0,14000000.0,0.0,0.0,3870.0,14000000.0,160.0,0.0,0.0,-200.0,536800.0,0.0,0.0,-682000.0
31/03/2020,2341.58,3630.0,-230.0,-0.06336088,2341.58,2665.269,2341.58,3790.0,13000000.0,0.0,0.0,3790.0,13000000.0,210.0,-10.0,-10.0,-200.0,714000.0,-34000.0,-34000.0,-680000.0
30/03/2020,2499.981,3900.0,-270.0,-0.06923077,2499.981,2637.721,2499.981,10770.0,39000000.0,0.0,0.0,10770.0,39000000.0,-50.0,0.0,0.0,-200.0,-181500.0,0.0,0.0,-726000.0
27/03/2020,2685.93,3970.0,-70.0,-0.01763224,2548.19,2685.93,2548.19,850.0,3000000.0,0.0,0.0,850.0,3000000.0,-10.0,0.0,0.0,10.0,-37000.0,0.0,0.0,37000.0
26/03/2020,2734.139,4000.0,-30.0,-0.0075,2747.913,2747.913,2568.851,340.0,1000000.0,0.0,0.0,340.0,1000000.0,0.0,0.0,0.0,0.0,0.0,0.0,0.0,0.0
25/03/2020,2754.8,3910.0,90.0,0.0230179,2878.766,2878.766,2506.868,436770.0,1592000000.0,0.0,0.0,436770.0,1592000000.0,-1600.0,0.0,0.0,0.0,-6376600.0,0.0,0.0,-5400.0
24/03/2020,2692.817,4200.0,-290.0,-0.06904762,2692.817,2692.817,2692.817,290.0,1000000.0,0.0,0.0,290.0,1000000.0,180.0,0.0,0.0,-180.0,703800.0,0.0,0.0,-703800.0
23/03/2020,2892.54,4200.0,0.0,0.0,2754.8,2892.54,2692.817,5550.0,22000000.0,0.0,0.0,5550.0,22000000.0,-10.0,0.0,0.0,10.0,-39100.0,0.0,0.0,39100.0
20/03/2020,2892.54,4200.0,0.0,0.0,2892.54,2892.54,2892.54,10.0,40000.0,0.0,0.0,10.0,40000.0,0.0,0.0,0.0,0.0,0.0,0.0,0.0,0.0
19/03/2020,2892.54,4360.0,-160.0,-0.03669725,2796.122,2892.54,2796.122,80.0,330000.0,0.0,0.0,80.0,330000.0,60.0,0.0,0.0,-60.0,243600.0,0.0,0.0,-243600.0
18/03/2020,3002.732,4080.0,280.0,0.06862745,3002.732,3002.732,2754.8,70.0,0.0,0.0,0.0,70.0,0.0,10.0,0.0,0.0,0.0,43600.0,0.0,0.0,0.0
17/03/2020,2809.896,4290.0,-210.0,-0.04895105,2954.523,2954.523,2803.009,6910.0,28000000.0,0.0,0.0,6910.0,28000000.0,-4800.0,0.0,0.0,4800.0,-19582000.0,0.0,0.0,19582000.0
16/03/2020,2954.523,4060.0,230.0,0.05665025,2988.958,2988.958,2892.54,60.0,260000.0,0.0,0.0,60.0,260000.0,-10.0,0.0,0.0,0.0,-42000.0,0.0,0.0,0.0
13/03/2020,2796.122,4060.0,0.0,0.0,2610.173,2796.122,2603.286,3620.0,14000000.0,0.0,0.0,3620.0,14000000.0,330.0,0.0,0.0,170.0,1176400.0,0.0,0.0,718600.0
12/03/2020,2796.122,4360.0,-300.0,-0.06880734,2803.009,2975.184,2796.122,11120.0,45000000.0,0.0,0.0,11120.0,45000000.0,-1470.0,0.0,0.0,1840.0,-5967500.0,0.0,0.0,7469700.0
11/03/2020,3002.732,4390.0,-30.0,-0.00683371,3023.393,3023.393,2816.783,340.0,1000000.0,0.0,0.0,340.0,1000000.0,0.0,0.0,0.0,0.0,0.0,0.0,0.0,0.0
10/03/2020,3023.393,4440.0,-50.0,-0.01126126,2844.331,3023.393,2844.331,260.0,1000000.0,0.0,0.0,260.0,1000000.0,40.0,0.0,0.0,-40.0,165200.0,0.0,0.0,-165200.0
09/03/2020,3057.828,4770.0,-330.0,-0.06918239,3374.63,3374.63,3057.828,750.0,3000000.0,0.0,0.0,750.0,3000000.0,-580.0,0.0,0.0,80.0,-2575200.0,0.0,0.0,355200.0
06/03/2020,3285.099,4780.0,-10.0,-0.00209205,3071.602,3285.099,3071.602,210.0,1000000.0,0.0,0.0,210.0,1000000.0,-100.0,0.0,0.0,100.0,-476000.0,0.0,0.0,476000.0
05/03/2020,3291.986,4990.0,-210.0,-0.04208417,3333.308,3367.743,3202.455,3000.0,14000000.0,0.0,0.0,3000.0,14000000.0,-510.0,0.0,0.0,510.0,-2436800.0,0.0,0.0,2436800.0
04/03/2020,3436.613,4950.0,40.0,0.00808081,3436.613,3436.613,3436.613,10.0,50000.0,0.0,0.0,10.0,50000.0,0.0,0.0,0.0,0.0,0.0,0.0,0.0,0.0
03/03/2020,3409.065,4640.0,310.0,0.06681034,3140.472,3409.065,3133.585,6320.0,29000000.0,0.0,0.0,6320.0,29000000.0,5100.0,0.0,0.0,-5290.0,23256000.0,0.0,0.0,-24122400.0
02/03/2020,3195.568,4980.0,-340.0,-0.06827309,3663.884,3663.884,3195.568,6830.0,32000000.0,0.0,0.0,6830.0,32000000.0,6370.0,0.0,0.0,-6370.0,29620500.0,0.0,0.0,-29620500.0
28/02/2020,3429.726,4970.0,10.0,0.00201207,3236.89,3429.726,3188.681,5830.0,27000000.0,0.0,0.0,5830.0,27000000.0,2600.0,100.0,100.0,-2890.0,12192000.0,498000.0,498000.0,-13583000.0
27/02/2020,3422.839,4900.0,70.0,0.01428571,3422.839,3422.839,3422.839,10.0,50000.0,0.0,0.0,10.0,50000.0,0.0,0.0,0.0,0.0,0.0,0.0,0.0,0.0
26/02/2020,3374.63,4900.0,0.0,0.0,3422.839,3422.839,3174.907,10810.0,50000000.0,0.0,0.0,10810.0,50000000.0,-7400.0,8600.0,8600.0,-1200.0,-34089000.0,39645000.0,39645000.0,-5556000.0
25/02/2020,3374.63,4790.0,110.0,0.02296451,3271.325,3436.613,3236.89,6930.0,33000000.0,0.0,0.0,6930.0,33000000.0,-4930.0,0.0,0.0,4930.0,-23191000.0,0.0,0.0,23191000.0
24/02/2020,3298.873,4800.0,-10.0,-0.00208333,3305.76,3305.76,3298.873,810.0,4000000.0,0.0,0.0,810.0,4000000.0,0.0,0.0,0.0,0.0,0.0,0.0,0.0,0.0
21/02/2020,3305.76,4840.0,-40.0,-0.00826446,3305.76,3347.082,3305.76,7710.0,37000000.0,0.0,0.0,7710.0,37000000.0,0.0,0.0,0.0,0.0,0.0,0.0,0.0,0.0
20/02/2020,3333.308,5190.0,-350.0,-0.06743738,3333.308,3477.935,3333.308,600.0,3000000.0,0.0,0.0,600.0,3000000.0,0.0,0.0,0.0,0.0,0.0,0.0,0.0,0.0
19/02/2020,3574.353,4940.0,250.0,0.05060729,3574.353,3574.353,3574.353,10.0,50000.0,0.0,0.0,10.0,50000.0,0.0,0.0,0.0,0.0,0.0,0.0,0.0,0.0
18/02/2020,3402.178,4940.0,0.0,0.0,3305.76,3402.178,3168.02,7870.0,37000000.0,0.0,0.0,7870.0,37000000.0,-1260.0,0.0,0.0,1260.0,-5796000.0,0.0,0.0,5796000.0
17/02/2020,3402.178,5000.0,-60.0,-0.012,3443.5,3443.5,3305.76,13490.0,67000000.0,0.0,0.0,13490.0,67000000.0,-10030.0,0.0,0.0,10030.0,-50147000.0,0.0,0.0,50147000.0
14/02/2020,3443.5,5000.0,0.0,0.0,3443.5,3443.5,3202.455,4340.0,20000000.0,0.0,0.0,4340.0,20000000.0,1260.0,0.0,0.0,-1260.0,5871500.0,0.0,0.0,-5871500.0
13/02/2020,3443.5,5020.0,-20.0,-0.00398406,3443.5,3443.5,3443.5,50.0,250000.0,0.0,0.0,50.0,250000.0,0.0,0.0,0.0,0.0,0.0,0.0,0.0,0.0
12/02/2020,3457.274,5020.0,0.0,0.0,3243.777,3457.274,3243.777,3310.0,16000000.0,0.0,0.0,3310.0,16000000.0,0.0,0.0,0.0,0.0,0.0,0.0,0.0,0.0
11/02/2020,3457.274,5390.0,-370.0,-0.06864564,3471.048,3471.048,3457.274,2600.0,13000000.0,0.0,0.0,2600.0,13000000.0,0.0,0.0,0.0,0.0,0.0,0.0,0.0,0.0
10/02/2020,3712.093,5390.0,0.0,0.0,3712.093,3712.093,3712.093,0.0,0.0,0.0,0.0,0.0,0.0,0.0,0.0,0.0,0.0,0.0,0.0,0.0,0.0
07/02/2020,3712.093,5390.0,0.0,0.0,3712.093,3712.093,3712.093,0.0,0.0,0.0,0.0,0.0,0.0,0.0,0.0,0.0,0.0,0.0,0.0,0.0,0.0
06/02/2020,3712.093,5100.0,290.0,0.05686275,3712.093,3712.093,3712.093,10.0,50000.0,0.0,0.0,10.0,50000.0,0.0,0.0,0.0,0.0,0.0,0.0,0.0,0.0
05/02/2020,3512.37,4790.0,310.0,0.06471816,3512.37,3512.37,3512.37,10.0,50000.0,0.0,0.0,10.0,50000.0,0.0,0.0,0.0,0.0,0.0,0.0,0.0,0.0
04/02/2020,3298.873,4990.0,-200.0,-0.04008016,3305.76,3305.76,3202.455,2700.0,13000000.0,0.0,0.0,2700.0,13000000.0,-100.0,0.0,0.0,100.0,-465000.0,0.0,0.0,465000.0
03/02/2020,3436.613,5060.0,-70.0,-0.01383399,3725.867,3725.867,3243.777,4410.0,21000000.0,0.0,0.0,4410.0,21000000.0,-70.0,0.0,0.0,70.0,-322700.0,0.0,0.0,322700.0
31/01/2020,3484.822,5080.0,-20.0,-0.00393701,3629.449,3629.449,3484.822,230.0,1000000.0,0.0,0.0,230.0,1000000.0,0.0,0.0,0.0,0.0,0.0,0.0,0.0,0.0
30/01/2020,3498.596,5000.0,80.0,0.016,3305.76,3498.596,3298.873,30510.0,146000000.0,0.0,0.0,30510.0,146000000.0,-19990.0,0.0,0.0,19990.0,-95952000.0,0.0,0.0,95952000.0
22/01/2020,3443.5,4900.0,100.0,0.02040816,3443.5,3443.5,3443.5,10.0,50000.0,0.0,0.0,10.0,50000.0,0.0,0.0,0.0,0.0,0.0,0.0,0.0,0.0
21/01/2020,3374.63,4800.0,100.0,0.02083333,3512.37,3512.37,3305.76,420.0,2000000.0,0.0,0.0,420.0,2000000.0,0.0,0.0,0.0,0.0,0.0,0.0,0.0,0.0
20/01/2020,3305.76,4970.0,-170.0,-0.03420523,3236.89,3305.76,3236.89,6100.0,29000000.0,0.0,0.0,6100.0,29000000.0,0.0,0.0,0.0,0.0,0.0,0.0,0.0,0.0
17/01/2020,3422.839,4970.0,0.0,0.0,3216.229,3422.839,3216.229,30.0,140000.0,0.0,0.0,30.0,140000.0,0.0,0.0,0.0,0.0,0.0,0.0,0.0,0.0
16/01/2020,3422.839,4980.0,-10.0,-0.00200803,3429.726,3429.726,3422.839,3670.0,18000000.0,0.0,0.0,3670.0,18000000.0,-3650.0,0.0,0.0,3650.0,-18177000.0,0.0,0.0,18177000.0
15/01/2020,3429.726,4990.0,-10.0,-0.00200401,3278.212,3429.726,3278.212,5140.0,24000000.0,0.0,0.0,5140.0,24000000.0,0.0,0.0,0.0,0.0,0.0,0.0,0.0,0.0
14/01/2020,3436.613,4750.0,240.0,0.05052632,3271.325,3436.613,3271.325,2020.0,10000000.0,0.0,0.0,2020.0,10000000.0,0.0,0.0,0.0,0.0,0.0,0.0,0.0,0.0
13/01/2020,3271.325,4970.0,-220.0,-0.04426559,3650.11,3650.11,3216.229,100070.0,470000000.0,0.0,0.0,100070.0,470000000.0,100000.0,0.0,0.0,0.0,470000000.0,0.0,0.0,0.0
10/01/2020,3422.839,4980.0,-10.0,-0.00200803,3257.551,3422.839,3257.551,240.0,1000000.0,0.0,0.0,240.0,1000000.0,0.0,0.0,0.0,0.0,0.0,0.0,0.0,0.0
09/01/2020,3429.726,4980.0,0.0,0.0,3305.76,3429.726,3305.76,510.0,2000000.0,0.0,0.0,510.0,2000000.0,0.0,0.0,0.0,0.0,0.0,0.0,0.0,0.0
08/01/2020,3429.726,4990.0,-10.0,-0.00200401,3436.613,3436.613,3347.082,690.0,3000000.0,0.0,0.0,690.0,3000000.0,0.0,0.0,0.0,0.0,0.0,0.0,0.0,0.0
07/01/2020,3436.613,4810.0,180.0,0.03742204,3305.76,3436.613,3305.76,14370.0,69000000.0,0.0,0.0,14370.0,69000000.0,-12000.0,0.0,0.0,10000.0,-57600000.0,0.0,0.0,48000000.0
06/01/2020,3312.647,4950.0,-140.0,-0.02828283,3285.099,3477.935,3285.099,3240.0,16000000.0,0.0,0.0,3240.0,16000000.0,0.0,0.0,0.0,0.0,0.0,0.0,0.0,0.0
03/01/2020,3409.065,4950.0,0.0,0.0,3415.952,3415.952,3305.76,335060.0,1612000000.0,0.0,0.0,335060.0,1612000000.0,-320720.0,0.0,0.0,70.0,-1542664500.0,0.0,0.0,338000.0
02/01/2020,3409.065,4890.0,60.0,0.01226994,3409.065,3409.065,3374.63,910.0,4000000.0,0.0,0.0,910.0,4000000.0,0.0,0.0,0.0,0.0,0.0,0.0,0.0,0.0
31/12/2019,3367.743,5180.0,-290.0,-0.05598456,3340.195,3553.692,3340.195,617220.0,2994000000.0,0.0,0.0,617220.0,2994000000.0,-614790.0,0.0,0.0,0.0,-2981731500.0,0.0,0.0,0.0
30/12/2019,3567.466,5190.0,-10.0,-0.00192678,3574.353,3615.675,3567.466,1510.0,8000000.0,0.0,0.0,1510.0,8000000.0,-1000.0,0.0,0.0,1000.0,-5190000.0,0.0,0.0,5190000.0
27/12/2019,3574.353,5240.0,-50.0,-0.00954198,3443.5,3574.353,3443.5,510.0,3000000.0,0.0,0.0,510.0,3000000.0,0.0,0.0,0.0,0.0,0.0,0.0,0.0,0.0
26/12/2019,3608.788,4950.0,290.0,0.05858586,3374.63,3608.788,3312.647,1991420.0,9583000000.0,0.0,0.0,1991420.0,9583000000.0,-1966200.0,0.0,0.0,-1400.0,-9461050500.0,0.0,0.0,-6693500.0
25/12/2019,3409.065,4990.0,-40.0,-0.00801603,3305.76,3422.839,3305.76,27450.0,133000000.0,0.0,0.0,27450.0,133000000.0,10230.0,0.0,0.0,-10230.0,49104500.0,0.0,0.0,-49104500.0
24/12/2019,3436.613,4970.0,20.0,0.00402414,3443.5,3443.5,3422.839,1580.0,8000000.0,800000.0,3704000000.0,801580.0,3712000000.0,-120.0,0.0,0.0,120.0,-596400.0,0.0,0.0,596400.0
23/12/2019,3422.839,4900.0,70.0,0.01428571,3243.777,3422.839,3243.777,330.0,2000000.0,0.0,0.0,330.0,2000000.0,0.0,0.0,0.0,0.0,0.0,0.0,0.0,0.0
20/12/2019,3374.63,4890.0,10.0,0.00204499,3181.794,3374.63,3181.794,10020.0,46000000.0,0.0,0.0,10020.0,46000000.0,20.0,0.0,0.0,-20.0,98000.0,0.0,0.0,-98000.0
19/12/2019,3367.743,4870.0,20.0,0.00410678,3353.969,3374.63,3133.585,6700.0,31000000.0,0.0,0.0,6700.0,31000000.0,1640.0,0.0,0.0,-1640.0,7986800.0,0.0,0.0,-7986800.0
18/12/2019,3353.969,5110.0,-240.0,-0.04696673,3615.675,3760.302,3319.534,980.0,5000000.0,0.0,0.0,980.0,5000000.0,0.0,0.0,0.0,0.0,0.0,0.0,0.0,0.0
17/12/2019,3519.257,5490.0,-380.0,-0.06921676,3519.257,3519.257,3519.257,890.0,5000000.0,0.0,0.0,890.0,5000000.0,0.0,0.0,0.0,0.0,0.0,0.0,0.0,0.0
16/12/2019,3780.963,5490.0,0.0,0.0,3780.963,3780.963,3780.963,0.0,0.0,0.0,0.0,0.0,0.0,0.0,0.0,0.0,0.0,0.0,0.0,0.0,0.0
13/12/2019,3780.963,5490.0,0.0,0.0,3780.963,3780.963,3780.963,0.0,0.0,0.0,0.0,0.0,0.0,0.0,0.0,0.0,0.0,0.0,0.0,0.0,0.0
12/12/2019,3780.963,5400.0,90.0,0.01666667,3581.24,3780.963,3581.24,360.0,2000000.0,0.0,0.0,360.0,2000000.0,200.0,0.0,0.0,0.0,1040000.0,0.0,0.0,0.0
11/12/2019,3718.98,5400.0,0.0,0.0,3780.963,3780.963,3581.24,1180.0,6000000.0,0.0,0.0,1180.0,6000000.0,-200.0,0.0,0.0,200.0,-1040000.0,0.0,0.0,1040000.0
10/12/2019,3718.98,5500.0,-100.0,-0.01818182,3787.85,3787.85,3526.144,12380.0,67000000.0,0.0,0.0,12380.0,67000000.0,-10000.0,0.0,0.0,10000.0,-55000000.0,0.0,0.0,55000000.0
09/12/2019,3787.85,5590.0,-90.0,-0.01610018,3994.46,3994.46,3787.85,280.0,2000000.0,0.0,0.0,280.0,2000000.0,-100.0,0.0,0.0,100.0,-550000.0,0.0,0.0,550000.0
06/12/2019,3849.833,5600.0,-10.0,-0.00178571,3898.042,3898.042,3787.85,4330.0,24000000.0,0.0,0.0,4330.0,24000000.0,-4300.0,0.0,0.0,4000.0,-24312100.0,0.0,0.0,22640000.0
05/12/2019,3856.72,5300.0,300.0,0.05660377,3898.042,3898.042,3856.72,40.0,220000.0,0.0,0.0,40.0,220000.0,0.0,0.0,0.0,0.0,0.0,0.0,0.0,0.0
04/12/2019,3650.11,5090.0,210.0,0.04125737,3732.754,3732.754,3415.952,380.0,2000000.0,0.0,0.0,380.0,2000000.0,0.0,0.0,0.0,0.0,0.0,0.0,0.0,0.0
03/12/2019,3505.483,5470.0,-380.0,-0.06946984,3718.98,3856.72,3505.483,1270.0,7000000.0,0.0,0.0,1270.0,7000000.0,100.0,0.0,0.0,0.0,545000.0,0.0,0.0,0.0
02/12/2019,3767.189,5150.0,320.0,0.06213592,3718.98,3794.737,3615.675,3410.0,19000000.0,0.0,0.0,3410.0,19000000.0,200.0,0.0,0.0,0.0,1081000.0,0.0,0.0,0.0
29/11/2019,3546.805,4820.0,330.0,0.06846473,3539.918,3546.805,3539.918,3750.0,19000000.0,0.0,0.0,3750.0,19000000.0,0.0,0.0,0.0,0.0,0.0,0.0,0.0,0.0
28/11/2019,3319.534,5000.0,-180.0,-0.036,3319.534,3319.534,3319.534,650.0,3000000.0,0.0,0.0,650.0,3000000.0,0.0,0.0,0.0,0.0,0.0,0.0,0.0,0.0
27/11/2019,3443.5,4910.0,90.0,0.01832994,3443.5,3443.5,3181.794,1780.0,8000000.0,0.0,0.0,1780.0,8000000.0,0.0,0.0,0.0,0.0,0.0,0.0,0.0,0.0
26/11/2019,3381.517,5190.0,-280.0,-0.0539499,3546.805,3546.805,3381.517,340.0,2000000.0,0.0,0.0,340.0,2000000.0,0.0,0.0,0.0,0.0,0.0,0.0,0.0,0.0
25/11/2019,3574.353,5200.0,-10.0,-0.00192308,3574.353,3574.353,3574.353,190.0,1000000.0,0.0,0.0,190.0,1000000.0,0.0,0.0,0.0,0.0,0.0,0.0,0.0,0.0
22/11/2019,3581.24,5190.0,10.0,0.0019,3450.387,3581.24,3443.5,230.0,1000000.0,0.0,0.0,230.0,1000000.0,0.0,0.0,0.0,0.0,0.0,0.0,0.0,0.0
21/11/2019,3574.353,5000.0,190.0,0.038,3471.048,3650.11,3319.534,7100.0,36000000.0,0.0,0.0,7100.0,36000000.0,-60.0,0.0,0.0,400.0,-286400.0,0.0,0.0,2000000.0
20/11/2019,3443.5,5080.0,-80.0,-0.01574803,3498.596,3498.596,3285.099,6410.0,32000000.0,0.0,0.0,6410.0,32000000.0,0.0,0.0,0.0,0.0,0.0,0.0,0.0,0.0
19/11/2019,3498.596,5000.0,80.0,0.016,3512.37,3512.37,3264.438,10250.0,51000000.0,0.0,0.0,10250.0,51000000.0,-9070.0,0.0,0.0,9120.0,-45345000.0,0.0,0.0,45600000.0
18/11/2019,3443.5,5000.0,0.0,0.0,3443.5,3581.24,3443.5,1260.0,6000000.0,0.0,0.0,1260.0,6000000.0,-1000.0,0.0,0.0,980.0,-4999000.0,0.0,0.0,4900000.0
15/11/2019,3443.5,5170.0,-170.0,-0.03288201,3581.24,3581.24,3388.404,6440.0,33000000.0,0.0,0.0,6440.0,33000000.0,-3100.0,-10.0,0.0,110.0,-16092000.0,-49200.0,0.0,541200.0
14/11/2019,3560.579,4950.0,220.0,0.04444444,3409.065,3560.579,3243.777,10200.0,50000000.0,0.0,0.0,10200.0,50000000.0,-5500.0,5000.0,0.0,500.0,-27071000.0,24606000.0,0.0,2465000.0
13/11/2019,3409.065,5290.0,-340.0,-0.06427221,3650.11,3650.11,3409.065,7030.0,35000000.0,0.0,0.0,7030.0,35000000.0,-530.0,-10.0,0.0,0.0,-2622300.0,-50200.0,0.0,0.0
12/11/2019,3643.223,5010.0,280.0,0.05588822,3450.387,3643.223,3450.387,1590.0,8000000.0,0.0,0.0,1590.0,8000000.0,-1390.0,0.0,0.0,1390.0,-6963900.0,0.0,0.0,6963900.0
11/11/2019,3450.387,5010.0,0.0,0.0,3684.545,3691.432,3450.387,6810.0,35000000.0,0.0,0.0,6810.0,35000000.0,4690.0,-5000.0,0.0,0.0,23493400.0,-25050000.0,0.0,0.0
08/11/2019,3450.387,5200.0,-190.0,-0.03653846,3829.172,3829.172,3450.387,29630.0,153000000.0,0.0,0.0,29630.0,153000000.0,27000.0,-29030.0,0.0,2000.0,139545600.0,-149905900.0,0.0,10210000.0
07/11/2019,3581.24,5500.0,-300.0,-0.05454545,4049.556,4049.556,3581.24,14310.0,80000000.0,0.0,0.0,14310.0,80000000.0,4710.0,-9960.0,0.0,4250.0,23901600.0,-54091600.0,0.0,24310000.0
06/11/2019,3787.85,5600.0,-100.0,-0.01785714,3856.72,4125.313,3787.85,5750.0,32000000.0,0.0,0.0,5750.0,32000000.0,4110.0,-5000.0,0.0,890.0,22660900.0,-27715900.0,0.0,5055000.0
05/11/2019,3856.72,5850.0,-250.0,-0.04273504,4139.087,4290.601,3787.85,2370.0,14000000.0,0.0,0.0,2370.0,14000000.0,360.0,-2360.0,0.0,2000.0,2008500.0,-14008500.0,0.0,12000000.0
04/11/2019,4028.895,6140.0,-290.0,-0.04723127,4228.618,4510.985,4028.895,1260.0,7000000.0,0.0,0.0,1260.0,7000000.0,10.0,0.0,0.0,0.0,63000.0,0.0,0.0,0.0
01/11/2019,4228.618,6600.0,-460.0,-0.06969697,4614.29,4717.595,4228.618,1410.0,9000000.0,0.0,0.0,1410.0,9000000.0,-490.0,-10.0,-10.0,0.0,-3355700.0,-61800.0,-61800.0,0.0
31/10/2019,4545.42,6620.0,-20.0,-0.00302115,4559.194,4600.516,4545.42,230.0,2000000.0,0.0,0.0,230.0,2000000.0,-200.0,0.0,0.0,200.0,-1320000.0,0.0,0.0,1320000.0
30/10/2019,4559.194,6200.0,420.0,0.06774194,4510.985,4566.081,4510.985,550.0,4000000.0,0.0,0.0,550.0,4000000.0,0.0,0.0,0.0,0.0,0.0,0.0,0.0,0.0
29/10/2019,4269.94,6650.0,-450.0,-0.06766917,4600.516,4600.516,4269.94,600.0,4000000.0,0.0,0.0,600.0,4000000.0,-260.0,0.0,0.0,250.0,-1660000.0,0.0,0.0,1598000.0
28/10/2019,4579.855,6600.0,50.0,0.00757576,4476.55,4579.855,4338.81,1010.0,6479500.0,0.0,0.0,1010.0,6479500.0,-150.0,0.0,0.0,150.0,-945000.0,0.0,0.0,945000.0
25/10/2019,4545.42,6590.0,10.0,0.00151745,4710.708,4710.708,4545.42,250.0,2000000.0,0.0,0.0,250.0,2000000.0,-200.0,0.0,0.0,200.0,-1320000.0,0.0,0.0,1320000.0
24/10/2019,4538.533,6240.0,350.0,0.05608974,4531.646,4538.533,4531.646,20.0,130000.0,0.0,0.0,20.0,130000.0,0.0,0.0,0.0,0.0,0.0,0.0,0.0,0.0
23/10/2019,4297.488,6700.0,-460.0,-0.06865672,4304.375,4304.375,4297.488,310.0,2000000.0,0.0,0.0,310.0,2000000.0,0.0,0.0,0.0,0.0,0.0,0.0,0.0,0.0
22/10/2019,4614.29,6800.0,-100.0,-0.01470588,4614.29,4614.29,4614.29,50.0,340000.0,0.0,0.0,50.0,340000.0,0.0,0.0,0.0,0.0,0.0,0.0,0.0,0.0
21/10/2019,4683.16,6700.0,100.0,0.01492537,4752.03,4752.03,4683.16,330.0,2000000.0,0.0,0.0,330.0,2000000.0,-100.0,-200.0,-200.0,300.0,-680000.0,-1360000.0,-1360000.0,2040000.0
18/10/2019,4614.29,6880.0,-180.0,-0.02616279,4738.256,4738.256,4476.55,520120.0,3476000000.0,0.0,0.0,520120.0,3476000000.0,-50960.0,50860.0,520000.0,100.0,-332358000.0,331670000.0,3474908000.0,688000.0
17/10/2019,4738.256,6880.0,0.0,0.0,4738.256,4979.301,4738.256,1230.0,9000000.0,0.0,0.0,1230.0,9000000.0,-150.0,0.0,0.0,-370.0,-1071000.0,0.0,0.0,-2513600.0
16/10/2019,4738.256,6520.0,360.0,0.05521472,4752.03,4752.03,4738.256,1500.0,10000000.0,0.0,0.0,1500.0,10000000.0,-500.0,0.0,0.0,0.0,-3450000.0,0.0,0.0,0.0
15/10/2019,4490.324,6990.0,-470.0,-0.06723891,4490.324,4490.324,4490.324,10.0,70000.0,0.0,0.0,10.0,70000.0,0.0,0.0,0.0,0.0,0.0,0.0,0.0,0.0
14/10/2019,4814.013,6900.0,90.0,0.01304348,4476.55,4814.013,4476.55,5110.0,33000000.0,0.0,0.0,5110.0,33000000.0,730.0,0.0,0.0,0.0,4745000.0,0.0,0.0,0.0
11/10/2019,4752.03,6600.0,300.0,0.04545455,4752.03,4752.03,4752.03,1000.0,7000000.0,0.0,0.0,1000.0,7000000.0,0.0,0.0,0.0,0.0,0.0,0.0,0.0,0.0
10/10/2019,4545.42,6560.0,40.0,0.00609756,4545.42,4545.42,4545.42,10.0,70000.0,0.0,0.0,10.0,70000.0,0.0,0.0,0.0,0.0,0.0,0.0,0.0,0.0
09/10/2019,4517.872,7000.0,-440.0,-0.06285714,4517.872,4517.872,4517.872,100.0,1000000.0,0.0,0.0,100.0,1000000.0,100.0,-100.0,0.0,0.0,656000.0,-656000.0,0.0,0.0
08/10/2019,4820.9,7000.0,0.0,0.0,4820.9,4820.9,4820.9,2230.0,16000000.0,0.0,0.0,2230.0,16000000.0,-2000.0,0.0,0.0,2000.0,-14000000.0,0.0,0.0,14000000.0
07/10/2019,4820.9,6550.0,450.0,0.06870229,4820.9,4820.9,4820.9,8360.0,59000000.0,0.0,0.0,8360.0,59000000.0,360.0,0.0,0.0,-360.0,2520000.0,0.0,0.0,-2520000.0
04/10/2019,4510.985,7000.0,-450.0,-0.06428571,4889.77,4889.77,4483.437,21400.0,145000000.0,0.0,0.0,21400.0,145000000.0,210.0,-15210.0,0.0,15000.0,894600.0,-103917100.0,0.0,103022500.0
03/10/2019,4820.9,7000.0,0.0,0.0,4958.64,4958.64,4820.9,19200.0,134000000.0,0.0,0.0,19200.0,134000000.0,-17480.0,0.0,0.0,16750.0,-122360000.0,0.0,0.0,117250000.0
02/10/2019,4820.9,7200.0,-200.0,-0.02777778,4972.414,4972.414,4820.9,21220.0,149000000.0,0.0,0.0,21220.0,149000000.0,-20200.0,0.0,0.0,20000.0,-141444000.0,0.0,0.0,140000000.0
01/10/2019,4958.64,7210.0,-10.0,-0.00138696,4993.075,4993.075,4958.64,12180.0,88000000.0,0.0,0.0,12180.0,88000000.0,-8980.0,0.0,0.0,8980.0,-64656000.0,0.0,0.0,64656000.0
30/09/2019,4965.527,6740.0,470.0,0.06973294,4958.64,4965.527,4827.787,75080.0,540000000.0,0.0,0.0,75080.0,540000000.0,-57410.0,0.0,0.0,56360.0,-413786600.0,0.0,0.0,406326600.0
27/09/2019,4641.838,6300.0,440.0,0.06984127,4455.889,4641.838,4455.889,38990.0,262000000.0,0.0,0.0,38990.0,262000000.0,-31980.0,0.0,0.0,32000.0,-215028200.0,0.0,0.0,215158200.0
26/09/2019,4338.81,5900.0,400.0,0.06779661,4063.33,4345.697,4056.443,18210.0,113000000.0,0.0,0.0,18210.0,113000000.0,-16990.0,0.0,0.0,17000.0,-105151100.0,0.0,0.0,105213600.0
25/09/2019,4063.33,5700.0,200.0,0.03508772,3925.59,4063.33,3925.59,1010.0,6000000.0,0.0,0.0,1010.0,6000000.0,0.0,0.0,0.0,0.0,0.0,0.0,0.0,0.0
24/09/2019,3925.59,5640.0,60.0,0.0106383,3856.72,3925.59,3856.72,1580.0,9000000.0,0.0,0.0,1580.0,9000000.0,1500.0,0.0,0.0,-1450.0,8405000.0,0.0,0.0,-8120000.0
23/09/2019,3884.268,5620.0,20.0,0.00355872,4056.443,4056.443,3884.268,570.0,3264800.0,0.0,0.0,570.0,3264800.0,0.0,0.0,0.0,0.0,0.0,0.0,0.0,0.0
20/09/2019,3870.494,5620.0,0.0,0.0,4111.539,4111.539,3870.494,13500.0,78000000.0,0.0,0.0,13500.0,78000000.0,-3060.0,0.0,0.0,3040.0,-19236600.0,0.0,0.0,19124000.0
19/09/2019,3870.494,5990.0,-370.0,-0.06176962,4063.33,4111.539,3870.494,4820.0,28000000.0,0.0,0.0,4820.0,28000000.0,0.0,0.0,0.0,0.0,0.0,0.0,0.0,0.0
18/09/2019,4125.313,5760.0,230.0,0.03993056,3891.155,4125.313,3891.155,710.0,4000000.0,0.0,0.0,710.0,4000000.0,690.0,0.0,0.0,-690.0,3904400.0,0.0,0.0,-3904400.0
17/09/2019,3966.912,6100.0,-340.0,-0.0557377,3973.799,4201.07,3960.025,3470.0,20000000.0,0.0,0.0,3470.0,20000000.0,0.0,0.0,0.0,0.0,0.0,0.0,0.0,0.0
16/09/2019,4201.07,6000.0,100.0,0.01666667,4201.07,4201.07,4201.07,20.0,120000.0,0.0,0.0,20.0,120000.0,0.0,0.0,0.0,0.0,0.0,0.0,0.0,0.0
13/09/2019,4132.2,5990.0,10.0,0.00166945,4125.313,4400.793,4125.313,760.0,5000000.0,0.0,0.0,760.0,5000000.0,0.0,0.0,0.0,0.0,0.0,0.0,0.0,0.0
12/09/2019,4125.313,5760.0,230.0,0.03993056,4132.2,4166.635,4125.313,2160.0,13000000.0,0.0,0.0,2160.0,13000000.0,-30.0,0.0,0.0,0.0,-179700.0,0.0,0.0,0.0
11/09/2019,3966.912,6180.0,-420.0,-0.06796117,4063.33,4063.33,3966.912,8710.0,50000000.0,0.0,0.0,8710.0,50000000.0,0.0,0.0,0.0,0.0,0.0,0.0,0.0,0.0
10/09/2019,4256.166,6000.0,180.0,0.03,4304.375,4304.375,3994.46,25710.0,153000000.0,0.0,0.0,25710.0,153000000.0,1470.0,0.0,0.0,-1660.0,7616000.0,0.0,0.0,-8794000.0
09/09/2019,4132.2,6450.0,-450.0,-0.06976744,4421.454,4421.454,4132.2,150.0,1000000.0,0.0,0.0,150.0,1000000.0,0.0,0.0,0.0,0.0,0.0,0.0,0.0,0.0
06/09/2019,4442.115,6260.0,190.0,0.03035144,4442.115,4442.115,4442.115,100.0,1000000.0,0.0,0.0,100.0,1000000.0,0.0,0.0,0.0,0.0,0.0,0.0,0.0,0.0
05/09/2019,4311.262,6150.0,110.0,0.01788618,4400.793,4400.793,3994.46,10330.0,61000000.0,0.0,0.0,10330.0,61000000.0,2000.0,0.0,0.0,-2000.0,12100000.0,0.0,0.0,-12100000.0
04/09/2019,4235.505,6350.0,-200.0,-0.03149606,4366.358,4373.245,4235.505,2680.0,17000000.0,0.0,0.0,2680.0,17000000.0,200.0,0.0,0.0,-200.0,1240000.0,0.0,0.0,-1240000.0
03/09/2019,4373.245,6020.0,330.0,0.05481728,4435.228,4435.228,4269.94,5530.0,35000000.0,0.0,0.0,5530.0,35000000.0,-1830.0,0.0,0.0,1830.0,-11346000.0,0.0,0.0,11346000.0
30/08/2019,4145.974,6300.0,-280.0,-0.04444444,4338.81,4338.81,4139.087,4930.0,30000000.0,0.0,0.0,4930.0,30000000.0,-100.0,0.0,0.0,0.0,-630000.0,0.0,0.0,0.0
29/08/2019,4338.81,6090.0,210.0,0.03448276,4132.2,4476.55,4132.2,8740.0,54000000.0,0.0,0.0,8740.0,54000000.0,0.0,0.0,0.0,0.0,0.0,0.0,0.0,0.0
28/08/2019,4194.183,6100.0,-10.0,-0.00163934,4194.183,4194.183,4194.183,250.0,2000000.0,0.0,0.0,250.0,2000000.0,0.0,0.0,0.0,0.0,0.0,0.0,0.0,0.0
27/08/2019,4201.07,6100.0,0.0,0.0,4201.07,4201.07,4132.2,2100.0,13000000.0,0.0,0.0,2100.0,13000000.0,340.0,0.0,0.0,0.0,2040000.0,0.0,0.0,0.0
26/08/2019,4201.07,6220.0,-120.0,-0.0192926,4201.07,4201.07,4063.33,2110.0,12000000.0,0.0,0.0,2110.0,12000000.0,0.0,0.0,0.0,0.0,0.0,0.0,0.0,0.0
23/08/2019,4283.714,6300.0,-80.0,-0.01269841,4407.68,4407.68,4035.782,25600.0,152000000.0,0.0,0.0,25600.0,152000000.0,21000.0,0.0,0.0,-20930.0,123699500.0,0.0,0.0,-123264100.0
22/08/2019,4338.81,6390.0,-90.0,-0.01408451,4338.81,4338.81,4338.81,600.0,4000000.0,0.0,0.0,600.0,4000000.0,0.0,0.0,0.0,0.0,0.0,0.0,0.0,0.0
21/08/2019,4400.793,6390.0,0.0,0.0,4400.793,4400.793,4400.793,0.0,0.0,0.0,0.0,0.0,0.0,0.0,0.0,0.0,0.0,0.0,0.0,0.0,0.0
20/08/2019,4400.793,6450.0,-60.0,-0.00930233,4435.228,4435.228,4201.07,3000.0,19000000.0,0.0,0.0,3000.0,19000000.0,-990.0,0.0,0.0,1000.0,-6376100.0,0.0,0.0,6440000.0
19/08/2019,4442.115,6450.0,0.0,0.0,4469.663,4469.663,4442.115,4040.0,26000000.0,0.0,0.0,4040.0,26000000.0,-4000.0,0.0,0.0,4000.0,-25960000.0,0.0,0.0,25960000.0
16/08/2019,4442.115,6480.0,-30.0,-0.00462963,4455.889,4455.889,4304.375,670.0,4000000.0,0.0,0.0,670.0,4000000.0,-10.0,0.0,0.0,10.0,-64700.0,0.0,0.0,64700.0
15/08/2019,4462.776,6530.0,-50.0,-0.00765697,4338.81,4538.533,4338.81,60.0,380000.0,0.0,0.0,60.0,380000.0,-10.0,0.0,0.0,10.0,-64800.0,0.0,0.0,64800.0
14/08/2019,4497.211,6600.0,-70.0,-0.01060606,4545.42,4545.42,4235.505,2010.0,13000000.0,0.0,0.0,2010.0,13000000.0,-1000.0,0.0,0.0,1000.0,-6600000.0,0.0,0.0,6600000.0
13/08/2019,4545.42,6600.0,0.0,0.0,4593.629,4593.629,4304.375,1470.0,9000000.0,0.0,0.0,1470.0,9000000.0,-420.0,0.0,0.0,0.0,-2793000.0,0.0,0.0,0.0
12/08/2019,4545.42,6250.0,350.0,0.056,4545.42,4600.516,4476.55,610.0,4000000.0,0.0,0.0,610.0,4000000.0,0.0,0.0,0.0,0.0,0.0,0.0,0.0,0.0
09/08/2019,4304.375,6600.0,-350.0,-0.0530303,4269.94,4538.533,4235.505,13410.0,83000000.0,0.0,0.0,13410.0,83000000.0,0.0,0.0,0.0,0.0,0.0,0.0,0.0,0.0
08/08/2019,4545.42,6740.0,-140.0,-0.02077151,4545.42,4579.855,4545.42,580.0,4000000.0,0.0,0.0,580.0,4000000.0,0.0,0.0,0.0,0.0,0.0,0.0,0.0,0.0
07/08/2019,4641.838,6800.0,-60.0,-0.00882353,4683.16,4752.03,4552.307,4850.0,32000000.0,0.0,0.0,4850.0,32000000.0,0.0,0.0,0.0,0.0,0.0,0.0,0.0,0.0
06/08/2019,4683.16,6580.0,220.0,0.03343465,4276.827,4683.16,4269.94,7270.0,46000000.0,0.0,0.0,7270.0,46000000.0,0.0,0.0,0.0,0.0,0.0,0.0,0.0,0.0
05/08/2019,4531.646,6600.0,-20.0,-0.0030303,4269.94,4545.42,4269.94,2010.0,13000000.0,0.0,0.0,2010.0,13000000.0,0.0,0.0,0.0,0.0,0.0,0.0,0.0,0.0
02/08/2019,4545.42,6600.0,0.0,0.0,4545.42,4545.42,4545.42,1280.0,8000000.0,0.0,0.0,1280.0,8000000.0,0.0,0.0,0.0,1250.0,0.0,0.0,0.0,8250000.0
01/08/2019,4545.42,6500.0,100.0,0.01538462,4683.16,4683.16,4476.55,1710.0,11000000.0,0.0,0.0,1710.0,11000000.0,-1000.0,0.0,0.0,1000.0,-6600000.0,0.0,0.0,6600000.0
31/07/2019,4476.55,6700.0,-200.0,-0.02985075,4476.55,4476.55,4476.55,10000.0,65000000.0,0.0,0.0,10000.0,65000000.0,-9000.0,0.0,0.0,9000.0,-58500000.0,0.0,0.0,58500000.0
30/07/2019,4614.29,6600.0,100.0,0.01515152,4614.29,4614.29,4614.29,10.0,70000.0,0.0,0.0,10.0,70000.0,0.0,0.0,0.0,0.0,0.0,0.0,0.0,0.0
29/07/2019,4545.42,6600.0,0.0,0.0,4545.42,4552.307,4545.42,1200.0,8000000.0,0.0,0.0,1200.0,8000000.0,-1070.0,0.0,0.0,0.0,-7062000.0,0.0,0.0,0.0
26/07/2019,4545.42,6500.0,100.0,0.01538462,4579.855,4579.855,4545.42,2270.0,15000000.0,0.0,0.0,2270.0,15000000.0,-270.0,0.0,0.0,270.0,-1795500.0,0.0,0.0,1795500.0
25/07/2019,4476.55,6400.0,100.0,0.015625,4476.55,4517.872,4407.68,17950.0,117000000.0,0.0,0.0,17950.0,117000000.0,-14000.0,0.0,0.0,14000.0,-90999900.0,0.0,0.0,90999900.0
24/07/2019,4407.68,6310.0,90.0,0.01426307,4476.55,4476.55,4338.81,160.0,1000000.0,0.0,0.0,160.0,1000000.0,0.0,0.0,0.0,0.0,0.0,0.0,0.0,0.0
23/07/2019,4345.697,6500.0,-190.0,-0.02923077,4345.697,4345.697,4345.697,240.0,2000000.0,0.0,0.0,240.0,2000000.0,0.0,0.0,0.0,0.0,0.0,0.0,0.0,0.0
22/07/2019,4476.55,6500.0,0.0,0.0,4338.81,4545.42,4338.81,33000.0,209000000.0,0.0,0.0,33000.0,209000000.0,-18150.0,0.0,0.0,18000.0,-114375000.0,0.0,0.0,113400000.0
19/07/2019,4476.55,6500.0,0.0,0.0,4476.55,4476.55,4476.55,0.0,0.0,0.0,0.0,0.0,0.0,0.0,0.0,0.0,0.0,0.0,0.0,0.0,0.0
18/07/2019,4476.55,6500.0,0.0,0.0,4476.55,4476.55,4476.55,0.0,0.0,0.0,0.0,0.0,0.0,0.0,0.0,0.0,0.0,0.0,0.0,0.0,0.0
17/07/2019,4476.55,6500.0,0.0,0.0,4304.375,4476.55,4304.375,5520.0,35000000.0,0.0,0.0,5520.0,35000000.0,0.0,0.0,0.0,0.0,0.0,0.0,0.0,0.0
16/07/2019,4476.55,6690.0,-190.0,-0.0284006,4311.262,4476.55,4304.375,2030.0,13000000.0,0.0,0.0,2030.0,13000000.0,0.0,0.0,0.0,0.0,0.0,0.0,0.0,0.0
15/07/2019,4607.403,6310.0,380.0,0.06022187,4614.29,4648.725,4290.601,1460.0,9000000.0,0.0,0.0,1460.0,9000000.0,0.0,0.0,0.0,0.0,0.0,0.0,0.0,0.0
12/07/2019,4345.697,6600.0,-290.0,-0.04393939,4359.471,4407.68,4345.697,5520.0,35000000.0,0.0,0.0,5520.0,35000000.0,0.0,0.0,0.0,0.0,0.0,0.0,0.0,0.0
11/07/2019,4545.42,6600.0,0.0,0.0,4545.42,4820.9,4338.81,5480.0,35000000.0,0.0,0.0,5480.0,35000000.0,0.0,0.0,0.0,0.0,0.0,0.0,0.0,0.0
10/07/2019,4545.42,6460.0,140.0,0.02167183,4421.454,4593.629,4338.81,20330.0,130000000.0,0.0,0.0,20330.0,130000000.0,-5000.0,0.0,0.0,5000.0,-32100000.0,0.0,0.0,32100000.0
09/07/2019,4449.002,6220.0,240.0,0.03858521,4269.94,4462.776,4269.94,3240.0,20000000.0,0.0,0.0,3240.0,20000000.0,0.0,0.0,0.0,0.0,0.0,0.0,0.0,0.0
08/07/2019,4283.714,6400.0,-180.0,-0.028125,4614.29,4614.29,4283.714,450.0,3000000.0,0.0,0.0,450.0,3000000.0,-20.0,0.0,0.0,0.0,-133400.0,0.0,0.0,0.0
05/07/2019,4407.68,6800.0,-400.0,-0.05882353,4683.16,4683.16,4387.019,4340.0,28000000.0,0.0,0.0,4340.0,28000000.0,0.0,0.0,0.0,0.0,0.0,0.0,0.0,0.0
04/07/2019,4683.16,6410.0,390.0,0.06084243,4407.68,4717.595,4118.426,6330.0,39000000.0,0.0,0.0,6330.0,39000000.0,-30.0,0.0,0.0,30.0,-186600.0,0.0,0.0,186600.0
03/07/2019,4414.567,6880.0,-470.0,-0.06831395,4421.454,4731.369,4414.567,7390.0,47000000.0,0.0,0.0,7390.0,47000000.0,0.0,0.0,0.0,0.0,0.0,0.0,0.0,0.0
02/07/2019,4738.256,7000.0,-120.0,-0.01714286,4483.437,4738.256,4483.437,42630.0,278000000.0,0.0,0.0,42630.0,278000000.0,0.0,0.0,0.0,0.0,0.0,0.0,0.0,0.0
01/07/2019,4820.9,7050.0,-50.0,-0.0070922,4855.335,4855.335,4683.16,5850.0,41000000.0,0.0,0.0,5850.0,41000000.0,0.0,0.0,0.0,0.0,0.0,0.0,0.0,0.0
28/06/2019,4855.335,7050.0,0.0,0.0,4855.335,4855.335,4855.335,0.0,0.0,0.0,0.0,0.0,0.0,0.0,0.0,0.0,0.0,0.0,0.0,0.0,0.0
27/06/2019,4855.335,7050.0,0.0,0.0,4820.9,4855.335,4517.872,10200.0,69000000.0,0.0,0.0,10200.0,69000000.0,0.0,0.0,0.0,0.0,0.0,0.0,0.0,0.0
26/06/2019,4855.335,6900.0,150.0,0.02173913,4889.77,4889.77,4820.9,450.0,3000000.0,0.0,0.0,450.0,3000000.0,0.0,0.0,0.0,0.0,0.0,0.0,0.0,0.0
25/06/2019,4752.03,7010.0,-110.0,-0.01569187,4765.804,4827.787,4752.03,7100.0,49000000.0,0.0,0.0,7100.0,49000000.0,0.0,0.0,0.0,0.0,0.0,0.0,0.0,0.0
24/06/2019,4827.787,7290.0,-280.0,-0.03840878,5020.623,5020.623,4820.9,6970.0,49000000.0,0.0,0.0,6970.0,49000000.0,490.0,0.0,0.0,-490.0,3434900.0,0.0,0.0,-3434900.0
21/06/2019,5020.623,7300.0,-10.0,-0.0014,5020.623,5234.12,5020.623,1860.0,14000000.0,0.0,0.0,1860.0,14000000.0,0.0,0.0,0.0,0.0,0.0,0.0,0.0,0.0
20/06/2019,5027.51,7300.0,0.0,0.0,4758.917,5302.99,4758.917,5710.0,41000000.0,0.0,0.0,5710.0,41000000.0,2010.0,0.0,0.0,-2010.0,14673000.0,0.0,0.0,-14673000.0
19/06/2019,5027.51,7300.0,0.0,0.0,5027.51,5289.216,5027.51,13600.0,99000000.0,0.0,0.0,13600.0,99000000.0,-3350.0,0.0,0.0,3350.0,-24455000.0,0.0,0.0,24455000.0
18/06/2019,5027.51,7630.0,-330.0,-0.04325033,5296.103,5296.103,4958.64,18130.0,132000000.0,0.0,0.0,18130.0,132000000.0,-250.0,0.0,0.0,250.0,-1825000.0,0.0,0.0,1825000.0
17/06/2019,5254.781,7280.0,350.0,0.04807692,5337.425,5337.425,4820.9,2680.0,20000000.0,0.0,0.0,2680.0,20000000.0,-10.0,0.0,0.0,0.0,-77000.0,0.0,0.0,0.0
